% Model:              C1FullScale.mph
% Version:            COMSOL 5.6.0.280
% Date:               Jun 2 2021, 15:35
% Dimension:          2
% Nodes:              401
% Expressions:        6
% Description:        Velocity field, x component, Velocity field, y component, Concentration, Gradient of c, x component, Gradient of c, y component, 
% Length unit:        m
% x                       y                        u (m/s)                  v (m/s)                  u2 (1)                   u2x (1/m)                u2y (1/m)                -u*u2+u2x
-2                        0                        1.4993174364442976       -6.060261483360533E-10   0.8556423301427422       -0.11244121583644505     -8.274412406891377E-7    -1.3953206807792864
-1.99                     0                        1.49931746704664         -6.127073004699171E-10   0.8545131550642885       -0.11339379985425616     -7.496822780836914E-7    -1.394580299063278
-1.98                     0                        1.4993175008218302       -5.978938546996141E-10   0.8533744389341253       -0.1143550158482795      1.0067247439534174E-6    -1.393834246896224
-1.97                     0                        1.499317538116584        -5.892950664489433E-10   0.8522259966247454       -0.11533344602768589     5.143058448677047E-7     -1.3930908292060513
-1.96                     0                        1.4993175790180573       -5.944233126562332E-10   0.8510677690954728       -0.1163137448164373      -2.550683195266312E-9    -1.3923346119569606
-1.95                     0                        1.4993176240809414       -5.856073298855951E-10   0.8498996462797545       -0.11731081832720107     -7.576948619391596E-7    -1.3915803366945951
-1.94                     0                        1.4993176737773268       -5.806610567329274E-10   0.848721551748971        -0.11830887129719278     1.9056169972581037E-8    -1.390812093950143
-1.93                     0                        1.4993177282970471       -6.223215324233975E-10   0.8475333825099979       -0.11932840662864408     1.718592339104384E-6     -1.3900502323494464
-1.92                     0                        1.4993177880384918       -6.253702357423651E-10   0.846334978298533        -0.12035243566436232     6.604866019409029E-7     -1.3892775232665238
-1.91                     0                        1.499317853227878        -5.338974254698608E-10   0.8451263005872584       -0.12138817111526141     -1.43961626376924E-6     -1.3885011218181678
-1.9                      0                        1.499317924970336        -6.140938009693295E-10   0.8439071950254294       -0.12243376303098699     -2.7520496005545537E-6   -1.3877189475440506
-1.89                     0                        1.4993180032417244       -6.051567677767221E-10   0.8426776097297287       -0.12348695675515407     1.2912995981123268E-6    -1.38692866795164
-1.88                     0                        1.4993180887648792       -4.918209583952777E-10   0.8414373925455543       -0.12455857548681261     9.091114067793146E-7     -1.3861408786935163
-1.87                     0                        1.4993181820800012       -5.824501904616195E-10   0.8401864337872712       -0.12563317616985706     -2.282907762990546E-6    -1.3853399726840678
-1.8599999999999999       0                        1.4993182837985526       -5.100048250655098E-10   0.8389246642247132       -0.12672452608357299     9.025384925501044E-7     -1.384539613885247
-1.85                     0                        1.4993183946634636       -5.068680713993046E-10   0.8376519143976077       -0.12782543933755908     4.454018081652548E-7     -1.3837323629189573
-1.84                     0                        1.4993185153081132       -5.612214783931881E-10   0.8363681395112116       -0.12893499120613292     1.5569249625188248E-6    -1.3829172283890916
-1.83                     0                        1.499318646579676        -5.647799243405313E-10   0.8350731640238871       -0.1300601062588027      6.326086098390192E-7     -1.3821008723381047
-1.82                     0                        1.4993187888848056       -5.016135173404072E-10   0.8337669128946761       -0.13119508042499972     -8.313456415925051E-7    -1.3812774784784687
-1.81                     0                        1.4993189438179386       -5.330312242228545E-10   0.8324492383307596       -0.13233983235829402     -2.772628869245881E-6    -1.380446745154416
-1.8                      0                        1.499319111713832        -4.740272065318707E-10   0.8311200939220372       -0.13349593040122473     -9.271005686479252E-7    -1.37961017134793
-1.79                     0                        1.4993192936941104       -3.1788740740330637E-10  0.8297792580432662       -0.13467124535294864     -9.000579037520746E-8    -1.3787752964444016
-1.78                     0                        1.4993194907794862       -4.211550330788026E-10   0.8284266690149781       -0.13584656030466838     7.47089012766506E-7      -1.3779228118403513
-1.77                     0                        1.499319704159244        -4.200121710281623E-10   0.8270622448009299       -0.1370445599266872      2.510764757352168E-7     -1.3770752801228978
-1.76                     0                        1.499319934763596        -3.3610448255571896E-10  0.8256857713243502       -0.13825013538928202     -8.203861257256464E-7    -1.376217272186536
-1.75                     0                        1.4993201836828924       -5.935085718557517E-10   0.8242972032324928       -0.13946820301798324     1.6405900031052738E-6    -1.3753536371778188
-1.74                     0                        1.4993204531283109       -3.876003663754468E-10   0.822896382019763        -0.14069822463419773     1.0957984168561887E-6    -1.3744836010017163
-1.73                     0                        1.499320743124226        -7.663093853632522E-10   0.82148319240274         -0.14194388482308604     -9.435541652716034E-7    -1.3736106753204238
-1.72                     0                        1.4993210561435326       -3.934262965204912E-10   0.8200574925999056       -0.14319607574382495     -8.158733428337243E-7    -1.3727255416471325
-1.71                     0                        1.499321393447157        -6.934560888924486E-10   0.8186191865500716       -0.1444690042633176      5.421411106123518E-7     -1.3718422637441492
-1.7                      0                        1.499321756004249        -4.3113785118173856E-10  0.8171681100811506       -0.14574772281127388     5.307328482093391E-7     -1.370945648568818
-1.69                     0                        1.499322146664068        -5.162563473385935E-10   0.8157041519051372       -0.14704547501457826     -2.6879221528617485E-6   -1.3700487750917816
-1.68                     0                        1.4993225658582956       -1.8344942528773456E-10  0.8142271761625763       -0.1483517539414635      1.0171260246589285E-6    -1.3691409328970918
-1.67                     0                        1.4993230158945317       -1.0533934668720978E-10  0.812737030546977        -0.14967736917839256     -8.406522924573611E-7    -1.3682327049472522
-1.66                     0                        1.499323499773187        -1.26080555001563E-10    0.8112336259089222       -0.15100538399143648     4.6691731455261446E-7    -1.367307023122894
-1.65                     0                        1.499324017664463        -1.4325699179739028E-10  0.8097167899397009       -0.1523621825932691      2.2538381618720096E-6    -1.3663900132560334
-1.6400000000000001       0                        1.499324573220906        -3.026162251511089E-10   0.808186379781503        -0.15372031371687456     3.210016734865889E-7     -1.3654540126657255
-1.63                     0                        1.4993251679498607       -3.5521747213722965E-10  0.8066423158539641       -0.15510030375576345     -1.2421275661261257E-8   -1.3645194294489726
-1.62                     0                        1.4993258036520236       -5.614759149643553E-10   0.805084358061922        -0.1564912546526691      6.584033178744733E-7     -1.363575006811534
-1.6099999999999999       0                        1.499326481554084        2.0049368735964E-11      0.8035124521103961       -0.15789708683555373     -8.967547465927823E-7    -1.3626245845431286
-1.6                      0                        1.4993272075838606       1.232930156622595E-11    0.8019263851070862       -0.15931631382642555     -4.3383487861365665E-6   -1.3616663614968527
-1.5899999999999999       0                        1.4993279821738097       1.637537067651907E-10    0.800326105622549        -0.16074195062267957     6.029671891403216E-7     -1.3606932756467591
-1.58                     0                        1.4993288068986503       4.2431900989042356E-10   0.7987113981336257       -0.16220158068376062     1.3217329979167829E-6    -1.3597325883038025
-1.57                     0                        1.4993296856626765       5.063399899079379E-10    0.7970820722981634       -0.1636635864086548      -1.573295021488414E-7    -1.358752399314815
-1.56                     0                        1.4993306205549075       2.2124239321298855E-10   0.795438116466727        -0.16513451231884518     3.1225574642784306E-7    -1.3577592370939298
-1.55                     0                        1.4993316144760185       -1.3175386026725277E-10  0.7937792549290081       -0.16663801693005623     1.2675121393081457E-6    -1.356776348760337
-1.54                     0                        1.4993326695344042       -1.9935701845104256E-10  0.7921053552808199       -0.16814191270760634     8.343887798342985E-7     -1.3557713495932957
-1.53                     0                        1.4993337895892305       7.628017158728356E-11    0.7904163532748091       -0.16966664658711159     -2.6833320856281643E-6   -1.3547645928959309
-1.52                     0                        1.499334975857456        4.1847909265597986E-11   0.7887119672788031       -0.17121055261409016     1.2969997858117858E-6    -1.353753991032541
-1.51                     0                        1.4993362321223471       1.0707673306838413E-10   0.7869921320837544       -0.17275950478404542     6.036123930242784E-7     -1.3527253228124343
-1.5                      0                        1.4993375616013362       3.3773533702222345E-10   0.7852566725835414       -0.17433683628769953     -3.7201949318961586E-6   -1.3517016609902854
-1.49                     0                        1.4993389647863946       5.10472556719943E-10     0.7835053702529979       -0.1759236298209876      6.568385805226954E-7     -1.3506637605606984
-1.48                     0                        1.4993404431976336       1.2727261458562454E-9    0.7817381355281676       -0.17752991121578773     -4.5714149615048705E-7   -1.3496215138030823
-1.47                     0                        1.4993420034761005       1.103717019211908E-9     0.7799547551459666       -0.17914668708590345     -3.6097460833031267E-6   -1.3485656122871685
-1.46                     0                        1.4993436446863877       1.2458897829932674E-9    0.7781551305839747       -0.18078585478754058     2.343598618424299E-6     -1.347507804408729
-1.45                     0                        1.4993453698791994       3.587690813960979E-10    0.7763389882342798       -0.18244321577825168     3.2525504702553196E-6    -1.3464434832440213
-1.44                     0                        1.4993471799638698       -2.2939394942283278E-10  0.7745062631250382       -0.18410265405017698     -2.874847936629397E-8    -1.3453564355310579
-1.43                     0                        1.4993490778192582       3.223117557201953E-10    0.7726567524200052       -0.18580270293292572     -1.4097266632410534E-6   -1.3442848921446833
-1.42                     0                        1.4993510600084754       6.29343312147749E-10     0.7707902085069476       -0.18750607967858404     1.15052414290514E-6      -1.3431911958476297
-1.4100000000000001       0                        1.4993531334005161       1.1574722001901287E-9    0.768906596457131        -0.189223098966779       -3.665370331795355E-6    -1.3420856136571044
-1.4                      0                        1.4993552922278315       1.2386682746065783E-9    0.767005623104963        -0.19097192920004447     1.6774038127327384E-7    -1.3409858693709762
-1.3900000000000001       0                        1.4993575367962102       1.1710599494139618E-9    0.7650871549564274       -0.19272492581427794     2.1517270758249916E-6    -1.3398641179041675
-1.38                     0                        1.4993598695537          1.8395435247883172E-9    0.7631510309776213       -0.19450490198924697     -2.0961477737376625E-6   -1.338742932245625
-1.37                     0                        1.499362284259168        2.3413263253375913E-9    0.7611970254411713       -0.19629620530074737     1.7277710379370152E-6    -1.337606316137506
-1.3599999999999999       0                        1.4993647813542859       2.6867500150803277E-9    0.7592250057446555       -0.19811313473420533     -4.964963204418909E-7    -1.3364683694712471
-1.35                     0                        1.4993673522629165       2.263398426984191E-9     0.7572347403751096       -0.19994358122755113     3.220407936101714E-7     -1.3353166289452763
-1.3399999999999999       0                        1.4993699952206614       3.504524881503352E-9     0.7552260693554325       -0.20179366407152166     -7.435509322145505E-7    -1.3341569720714954
-1.33                     0                        1.4993727015892164       2.352015652617767E-9     0.7531987987398656       -0.20366557493679466     -1.9659760279943746E-7   -1.3329912926371394
-1.3199999999999998       0                        1.4993754636014314       5.832728843165386E-9     0.751152730592506        -0.20555274400214626     -1.3454715603270467E-6   -1.331812717669766
-1.31                     0                        1.4993782712483696       3.1504108020573706E-9    0.749087676486315        -0.2074634843828801      2.4599715071656392E-6    -1.3306292697663893
-1.2999999999999998       0                        1.499381109196838        3.9537457632817754E-9    0.7470034072194935       -0.20939036898138733     -3.0901616619584396E-6   -1.329433166271969
-1.29                     0                        1.4993839734679983       6.6117368540988565E-9    0.7448998244769084       -0.2113337846023632      1.9768822408151354E-6    -1.3282246432621647
-1.28                     0                        1.499386835290733        4.084325282195937E-9     0.7427766050506864       -0.2133101006420286      2.310953559955487E-6     -1.327019563816972
-1.27                     0                        1.4993896814890113       3.6992405724813863E-9    0.7406336199694272       -0.21528774312869184     -1.9337954043064848E-6   -1.3257861506747048
-1.26                     0                        1.4993924927168156       7.278908559424512E-9     0.7384706866370443       -0.21730624136100093     9.86259801625225E-7      -1.3245636449960172
-1.25                     0                        1.4993952327659523       6.343393130496617E-9     0.7362874936308693       -0.21933235987399066     8.703714509405208E-7     -1.3233183177693075
-1.24                     0                        1.499397888670608        4.6995102604320215E-9    0.7340839820744678       -0.2213825122670052      -2.0156361991496715E-6   -1.3220664850963748
-1.23                     0                        1.4994004080548802       1.0369362153026272E-8    0.7318597824039048       -0.22345742184563272     5.326691765083609E-7     -1.3208082782210033
-1.22                     0                        1.4994027694236076       2.94962488188381E-9      0.7296148112733639       -0.225544218233372       -2.2685591814874436E-6   -1.3195306868691368
-1.21                     0                        1.4994049197017407       1.1690483485706067E-8    0.7273487777470328       -0.22766381797376273     -1.4065775924975745E-7   -1.3182541536667116
-1.2                      0                        1.499406818738581        5.668118969235107E-9     0.7250614979443007       -0.22979976396233273     -1.1151236860504468E-6   -1.3169619179848269
-1.19                     0                        1.4994083997388248       9.386765166370762E-9     0.7227527364110591       -0.23195464752450773     -1.48040218745449E-6     -1.3156561714334705
-1.18                     0                        1.499409615119208        1.404881410789606E-8     0.7204222837578709       -0.2341415088333974      3.488243606719356E-6     -1.3143496080460875
-1.17                     0                        1.4994103800786356       7.2530221770857315E-9    0.7180698932510957       -0.23633756161323197     1.2261410637408603E-6    -1.3130190131758825
-1.1600000000000001       0                        1.499410639630579        1.1649081793684587E-8    0.7156954026664111       -0.23857076456368245     1.0208410611048409E-6    -1.3116920660563909
-1.15                     0                        1.4994102949261852       1.4335522978709217E-8    0.7132984666377105       -0.24081644117646772     7.124396448223365E-7     -1.3103435054081127
-1.1400000000000001       0                        1.499409259108937        1.1039656750152711E-8    0.7108789351067126       -0.24309305739041595     -2.223132830654624E-6    -1.308991514794922
-1.13                     0                        1.4994074163209352       1.2468272066563816E-8    0.7084365923337483       -0.2453835665887744      3.354433871960595E-7     -1.3076186471271278
-1.12                     0                        1.4994046387460271       2.2981549926069736E-8    0.705971117616132        -0.24771137693452613     8.506416074899809E-7     -1.3062477455088715
-1.1099999999999999       0                        1.4994008268271177       -1.1650139461321067E-9   0.7034823492714944       -0.2500485620240477      -3.888416405713164E-6    -1.3048505781800097
-1.1                      0                        1.4993958046962805       3.208595110945639E-8     0.700970000412179        -0.25242425059264867     1.6786598053076052E-7    -1.30345572842862
-1.0899999999999999       0                        1.499389463907692        -1.2601495101484341E-8   0.6984338256917955       -0.25481781715164603     7.634452996594946E-7     -1.3020421366306656
-1.08                     0                        1.4993815722462323       3.4376134979051065E-8    0.6958736036393338       -0.25723175288382416     -7.8977497503278E-7      -1.3006118107932199
-1.0699999999999998       0                        1.4993719553453082       -2.9556954728470096E-9   0.693289055923907        -0.2596815256843221      1.0397547886846647E-6    -1.2991796930844532
-1.06                     0                        1.4993604742324251       2.2127281854261385E-8    0.6906799368979535       -0.26215159486685574     -6.642896898734673E-7    -1.2977297925969928
-1.0499999999999998       0                        1.4993467481002687       2.9451225254879476E-8    0.688045950877002        -0.26464560932345316     2.3705364040744806E-7    -1.2962650683144434
-1.04                     0                        1.49933062996173         2.9441416254835497E-10   0.6853869676033311       -0.26716559915363314     2.245576057801445E-6     -1.2947872730578953
-1.03                     0                        1.4993117802890468       -1.505634397693439E-8    0.6827025450650063       -0.2697189085113143      -7.877434380956967E-7    -1.293302876760592
-1.02                     0                        1.4992900327210459       5.1753272573700214E-8    0.6799925372018314       -0.27229446360465576     6.343458042849398E-7     -1.2918004969560566
-1.01                     0                        1.4992648517872713       -1.857249691216336E-8    0.6772565914910963       -0.27489449641385544     7.38270637284663E-6      -1.2902814996777066
-1                        0                        1.4992360074362723       1.1817128193818253E-8    0.6744945613761424       -0.27752088518387646     -3.5381031088428646E-6   -1.2887474184189238
-0.99                     0                        1.4992029506659768       3.097604850699069E-8     0.671706018489503        -0.28018974982336664     -4.617635133596831E-6    -1.2872133947229245
-0.98                     0                        1.4991655073310695       1.506351203418408E-8     0.6688907615590187       -0.28286215863774905     5.358272598812725E-7     -1.2856401165394409
-0.97                     0                        1.4991230622839444       2.341498278911178E-8     0.6660484871888324       -0.2855927153994954      3.5944501498624506E-6    -1.2840813631436063
-0.96                     0                        1.4990748608107272       1.4907478569706584E-8    0.6631789035072759       -0.28832552380255216     2.4258642290633713E-6    -1.2824803462703325
-0.95                     0                        1.4990206809273643       1.8767710717034655E-8    0.6602818297652959       -0.29110614049315947     -3.18480605526146E-6     -1.2808822585518993
-0.94                     0                        1.4989597484461084       1.200524776363402E-7     0.6573567288174478       -0.2939140490764675      7.260535312114398E-7     -1.2792653259440256
-0.9299999999999999       0                        1.4988916192277846       -4.1014641110952914E-8   0.6544035215080077       -0.2967392751381405      -4.988591038373061E-7    -1.2776192291196427
-0.9199999999999999       0                        1.498815125620478        1.1837754242115317E-7    0.6514217988903418       -0.299609890740681       -4.248138531515693E-6    -1.2759707360764265
-0.9099999999999999       0                        1.4987299841266124       -2.634309671839422E-8    0.6484112855807832       -0.3024985924652944      2.969696739164925E-6     -1.274292028211298
-0.8999999999999999       0                        1.4986350593292093       -5.033673052988217E-8    0.64537162254462         -0.3054340147673431      -2.5670807331795988E-6   -1.2726105546088877
-0.8899999999999999       0                        1.4985292652730269       -1.2174423736745981E-8   0.6423025867757609       -0.3083780199494491      1.188228095003371E-6     -1.2708872433934946
-0.8799999999999999       0                        1.4984120740004767       -1.1551448571340989E-8   0.6392037847630818       -0.31138424598989656     5.768026578386905E-6     -1.2691749148257003
-0.8699999999999999       0                        1.4982820023309176       8.275603695538026E-8     0.6360748807435405       -0.3143967113907289      2.581864440545629E-7     -1.2674162573435603
-0.8599999999999999       0                        1.4981381241386749       8.790703229087461E-8     0.632915620647728        -0.3174618155107716      -5.436615951655563E-6    -1.265656836166024
-0.8499999999999999       0                        1.497979173139638        -5.395533805804188E-8    0.6297255970499871       -0.32054713790230144     2.290728178472564E-6     -1.263862967076106
-0.8400000000000001       0                        1.49780378140826         -6.199185955689159E-8    0.6265044600158971       -0.323680268915689       -2.738263505376546E-6    -1.2620610181966398
-0.8300000000000001       0                        1.4976102283797452       -3.8319025022912193E-8   0.6232519636995355       -0.3268258966784293      2.9775005067292634E-6    -1.2602144123726153
-0.8200000000000001       0                        1.4973976395419375       -1.0714830344785492E-7   0.6199676527737852       -0.3300398890204318      3.0178404699682055E-6    -1.2583779888762532
-0.81                     0                        1.4971633220451672       -8.7776799607593E-8      0.6166511655553444       -0.3332575546677487      1.753955700207969E-6     -1.2564850622336126
-0.8                      0                        1.4969065601665248       1.6788610885488806E-7    0.613302335583923        -0.33652922404011887     -3.9005298524169965E-6   -1.2545855135411448
-0.79                     0                        1.4966243628779365       2.63277732064049E-7      0.6099205047153888       -0.3398369496667006      1.327826233029493E-6     -1.2526588364425588
-0.78                     0                        1.4963159150802914       -2.2798315815293453E-7   0.6065055218601834       -0.34317549735472325     -1.1130884413443425E-6   -1.2506993622981932
-0.77                     0                        1.4959778003853155       3.352180320358473E-7     0.603056891430678        -0.34655628157182794     -3.241962354461296E-6    -1.2487160035214995
-0.76                     0                        1.4956087493766224       -1.6550701340671425E-7   0.5995743117493466       -0.3499739523664161      2.768280621996569E-6     -1.2467025389202055
-0.75                     0                        1.4952049614154104       -1.9263029656023181E-7   0.5960572926134429       -0.3534298748143516      1.6230496128424238E-6    -1.2446576960178084
-0.74                     0                        1.494764623472704        2.621827594007078E-7     0.5925055708769714       -0.35693188245179486     -1.4758929164636648E-6   -1.2425882490091906
-0.73                     0                        1.4942844950933216       1.3802193000453806E-7    0.5889186001287362       -0.36046226719525015     -8.152227148008221E-7    -1.2404742002396845
-0.72                     0                        1.4937618346840926       -8.005195601276168E-8    0.585296145587878        -0.3640504133014321      -3.2393313251519963E-6   -1.2383434575683085
-0.71                     0                        1.4931920168717812       -1.6393301863959262E-7   0.5816375295792338       -0.3676724075469602      1.4012938270432347E-7    -1.2361689234276965
-0.7                      0                        1.492573626079923        -3.8919070737611876E-8   0.5779426600494549       -0.3713195926604838      5.467592789340416E-6     -1.233941564436775
-0.69                     0                        1.4919015977735317       8.146055410169291E-8     0.5742108186917325       -0.37504840060059225     1.0843484812354116E-6    -1.2317144384656358
-0.6799999999999999       0                        1.4911729363911186       1.1860067164084677E-7    0.5704417035990886       -0.37877461792817707     4.365581464852819E-6     -1.2294018481239821
-0.6699999999999999       0                        1.4903822459153335       6.892285159835967E-7     0.5666348781462471       -0.3825934068870185      -1.050725744956567E-6    -1.2270959691925838
-0.6599999999999999       0                        1.4895262105406362       1.390464347286367E-7     0.5627898019016316       -0.386421842036071       5.4239197362578905E-6    -1.2247120029935237
-0.6499999999999999       0                        1.4885990414100316       5.771925680237526E-7     0.5589061658487083       -0.390320826204223       -3.2723156242547946E-6   -1.2223080089247664
-0.6399999999999999       0                        1.4875957817405847       2.825526981368239E-7     0.5549832875003522       -0.39425477016471244     -4.646421316559841E-7    -1.2198455675867586
-0.6299999999999999       0                        1.4865142904268014       -1.1384242051151703E-7   0.5510209234969907       -0.39824159344065857     9.054511959842579E-7     -1.2173420705431086
-0.6199999999999999       0                        1.4853437251001813       -3.8969243043452834E-8   0.5470183610974743       -0.40227088646267256     4.406659612131344E-7     -1.2147811766333911
-0.6099999999999999       0                        1.484081600413111        8.433588581608133E-7     0.5429753653568519       -0.40635509878098036     -3.5742312700997806E-6   -1.2121748479846708
-0.5999999999999999       0                        1.48272172838751         1.4511486432036959E-6    0.5388911324983175       -0.4104914729258724      2.1591011964125473E-6    -1.2095170643164805
-0.5900000000000001       0                        1.481259482664071        -3.5192171709699144E-7   0.5347654216117035       -0.41467122184686134     -1.2318750962272383E-6   -1.206797573610047
-0.5800000000000001       0                        1.4796844877994515       1.5040645781653054E-6    0.5305975541261533       -0.4189147274833217      -4.354895166792254E-7    -1.2040316975881207
-0.5700000000000001       0                        1.477989924741972        -6.112363746853538E-7    0.5263870524544291       -0.42319782604104644     -3.478634560278582E-7    -1.2011925860833166
-0.56                     0                        1.4761709506428706       2.1245121653811713E-6    0.5221333647721403       -0.42754937800203413     5.037128207001327E-7     -1.1983074834400853
-0.55                     0                        1.474222011679545        -3.2391249703448695E-7   0.5178360021960184       -0.43194392987681773     2.4778043627819213E-6    -1.1953491627543253
-0.54                     0                        1.4721280379718635       5.847675218477921E-7     0.51349426920182         -0.43640745206789133     -1.1248798837596969E-6   -1.1923367630977624
-0.53                     0                        1.4698879887330336       -5.940103459969057E-7    0.5091077890672001       -0.4408951314544126      4.857717192413547E-6     -1.189226555574721
-0.52                     0                        1.4674918204175442       -7.013401610747307E-7    0.5046758143717819       -0.4454998076292347      -1.8959959646543225E-6   -1.1861074371823874
-0.51                     0                        1.464926123275763        2.9297299134576277E-7    0.5001977929146154       -0.45010448380406215     -8.649709123498548E-6    -1.1828572974495626
-0.5                      0                        1.4621871666224038       -7.412275484171312E-7    0.4956733861351307       -0.4548083047830572      1.2068257447274899E-5    -1.1795755688261167
-0.49                     0                        1.459263928394657        -1.2968168819477724E-6   0.4911015037209194       -0.45956817805918737     -1.7429097571312185E-6   -1.1762148876194995
-0.48                     0                        1.4561510320737308       -1.4050678920817177E-7   0.48648198760718137      -0.4643671227501059      1.5049936831372065E-6    -1.172758371089583
-0.47                     0                        1.452834432147271        -4.847307125244401E-7    0.4818140577471802       -0.4692512858555183      2.676844716027274E-6     -1.1692473388432154
-0.45999999999999996      0                        1.4493038213941383       3.6718552147631474E-7    0.4770968739954178       -0.47418159797291093     3.978916516449553E-7     -1.1656399206296677
-0.44999999999999996      0                        1.4455550704735864       -6.306029911481531E-8    0.4723302281595088       -0.47918387136853646     4.890955716761062E-6     -1.1619632276224605
-0.43999999999999995      0                        1.4415729400966186       1.3524187923511197E-6    0.46751306852382934      -0.48425614053008265     4.4040993525014814E-7    -1.1582103292555712
-0.42999999999999994      0                        1.4373581334827519       -5.833923541691425E-7    0.46264506529438515      -0.48936752342645357     3.5285079499977473E-6    -1.154354170942997
-0.41999999999999993      0                        1.432891024616608        -6.752009342221685E-7    0.4577252922567736       -0.49458708409584023     -1.2293187858496497E-6   -1.150457547110585
-0.4099999999999999       0                        1.4281609987188433       -1.6127212615130269E-6   0.4527532153421168       -0.49983058099274114     4.616383657489376E-6     -1.1464350651889061
-0.3999999999999999       0                        1.423171292842975        -1.0150608841530415E-6   0.4477281826928348       -0.5051919323606411      -6.190517713678438E-6    -1.1423858289658386
-0.3899999999999999       0                        1.4179037409559287       1.1673339842573041E-6    0.4426494031875857       -0.5105595239580656      4.717305774071328E-6     -1.1381937686696526
-0.3799999999999999       0                        1.412351912487556        -3.5517650929067844E-7   0.4375163073901013       -0.5160613053076604      -9.114771425121837E-7    -1.1339882987945633
-0.3699999999999999       0                        1.4065162780579195       4.458232025320299E-7     0.43232816965507237      -0.5215610851014633      5.288147679570796E-7     -1.1296376931843084
-0.3599999999999999       0                        1.4003880575184329       -8.431933466820174E-9    0.4270842886504868       -0.5272151158156602      3.320620149481594E-7     -1.1252988531955572
-0.34999999999999987      0                        1.3939533172084924       5.443116819513884E-7     0.4217838682830844       -0.5328630592011366      1.222534746253268E-5     -1.1208100815393718
-0.33999999999999986      0                        1.3872123358502457       9.804251953844208E-7     0.41642640805202963      -0.5386469603506228      1.2884919643572553E-5    -1.1163188105742063
-0.33000000000000007      0                        1.3801693504938257       3.4365710061731974E-9    0.41101092780339477      -0.5444490893763815      -6.806734597610378E-7    -1.1117137746486576
-0.32000000000000006      0                        1.3728181605039385       -3.462223793598979E-7    0.40553707779959364      -0.5503397949693524      6.228719793207144E-6     -1.107068460130333
-0.31000000000000005      0                        1.3651625919655666       -1.826696534268877E-7    0.4000038232772014       -0.5563111095091008      -5.33408140690522E-6     -1.1023813656903414
-0.30000000000000004      0                        1.3571941041201412       -2.2543507218459244E-6   0.3944106498871894       -0.562338402461594       -8.418514590419208E-7    -1.0976302110906806
-0.29000000000000004      0                        1.3489273434805091       5.792244377667237E-7     0.38875664180555475      -0.5684568136946482      -5.026696031300024E-6    -1.0928612777858189
-0.28                     0                        1.3403753405007677       2.111497705401956E-7     0.38304148794008136      -0.5746018356223453      8.235765993582084E-7     -1.0880212004459526
-0.27                     0                        1.3315381837442568       -2.2363463988607406E-7   0.37726407244069265      -0.5808812642553881      -1.6802729708855918E-6   -1.0832227820650298
-0.26                     0                        1.322417857512673        -2.163776553952661E-6    0.37142383969789244      -0.5871828183514165      -1.7636888736426828E-6   -1.078360336673834
-0.25                     0                        1.3130469484701643       -1.0403911234859753E-6   0.3655200561748749       -0.5935786487351712      3.415398283112264E-6     -1.0735236431002337
-0.24                     0                        1.3034455073141926       6.108464127525111E-7     0.3595522144699641       -0.6000171832819682      -1.8060633645688733E-6   -1.068673901877712
-0.22999999999999998      0                        1.2936279924331557       -1.5822931154289013E-6   0.35351939965535983      -0.6065564396454689      -3.4998023571278494E-6   -1.0638790309078066
-0.21999999999999997      0                        1.283625457626242        1.519127737648338E-6     0.3474209377223844       -0.6131394298899983      -1.924690822439666E-6    -1.059097790062832
-0.20999999999999996      0                        1.2734745644782697       -8.391608293268452E-7    0.3412563141197556       -0.6198096576751438      1.5504275317305463E-6    -1.0543908936742592
-0.19999999999999996      0                        1.2632191928578058       -3.4356689970037287E-6   0.3350246339102695       -0.626535342884561       -4.776213942531318E-6    -1.0497448905201736
-0.18999999999999995      0                        1.2529127177503243       3.099337214192577E-6     0.32872538672436186      -0.6333339223848915      3.6651777226028346E-6    -1.045198140059238
-0.17999999999999994      0                        1.2426331909731672       -2.2983556484821425E-6   0.3223578030317705       -0.6401851326367691      7.382288787855666E-7     -1.0407576380532377
-0.16999999999999993      0                        1.2324723372480104       4.708549885305003E-6     0.31592134804664873      -0.6471170700390461      -8.112368130152397E-8    -1.0364813922526415
-0.15999999999999992      0                        1.2225786769571123       -8.639975260162808E-8    0.30941534857574304      -0.6540862947594264      3.9891193704020003E-7    -1.032370902251382
-0.1499999999999999       0                        1.2131694977966325       6.364512855878018E-6     0.30283934518526245      -0.661116352167496       -5.507597589254092E-7    -1.028511808478962
-0.1399999999999999       0                        1.2045776129032217       2.550290247141242E-6     0.29619295313303007      -0.6681650016595188      -1.280766850550333E-6    -1.0249524021032599
-0.1299999999999999       0                        1.197329971328036        -6.120506860759714E-6    0.2894760746560468       -0.6752093004130704      -7.615032341084731E-6    -1.0218076805811473
-0.11999999999999988      0                        1.1923033285674598       1.3796852481082207E-5    0.2826891434883369       -0.6821757906588997      -1.9016519075910006E-6   -1.019226997389928
-0.10999999999999988      0                        1.1908664396911897       1.0438092673525253E-7    0.27583345517174335      -0.6889507625998502      2.3079323188527122E-5    -1.0174315673079435
-0.09999999999999987      0                        1.1952479418789546       -1.2336326991159339E-5   0.2689120311745924       -0.6952306216162912      5.62142664185522E-5      -1.0166471734242122
-0.08999999999999986      0                        1.2089359838910625       -1.4704374708834665E-5   0.2619309529189925       -0.7007204495879981      -6.863494051979442E-5    -1.017378203866644
-0.08000000000000007      0                        1.2373042669057648       -1.0235317200170343E-5   0.2549018566100015       -0.7047198568986149      2.2597940033984048E-5    -1.0201110117243712
-0.07000000000000006      0                        1.2883649420162018       -9.339054148294785E-6    0.24784727902480863      -0.7056321902870087      -9.308828004741169E-5    -1.0249499355566796
-0.06000000000000005      0                        1.3723881611148727       -2.908903597108858E-6    0.2408074659178447       -0.7011132112703902      2.177881638978339E-4     -1.0315945266041133
-0.050000000000000044     0                        1.5010922328035616       -2.5798821671705606E-5   0.233857020272373        -0.6871335656302778      -1.287002786886158E-4    -1.0381745223477221
-0.040000000000000036     0                        1.6814371365124012       1.224958445892293E-5     0.22712707254973075      -0.6555292036911977      1.8694300284312975E-4    -1.0374290981836614
-0.030000000000000027     0                        1.9023028355987026       -2.034715199383003E-5    0.22083346419570085      -0.5977605228869332      2.9803080516320094E-4    -1.0178526480214996
-0.020000000000000018     0                        2.1205184342595413       2.4842068737844274E-5    0.21527982453315092      -0.5070715373033658      -8.218565223248474E-5    -0.9635763737500718
-0.010000000000000009     0                        2.2740310483005435       1.9651208063866806E-6    0.210773420442239        -0.3914016383391087      3.3520262449036323E-6    -0.8707069405812646
0                         0                        2.326882268529901        -5.765842061986267E-7    0.20745699124914863      -0.2738184262428801      1.063351913757674E-4     -0.7565464206630869
0.010000000000000231      0                        2.274036160845389        1.0077124879932137E-5    0.20522966866608347      -0.1761936551258612      -2.708571152816159E-4    -0.6428933429508529
0.020000000000000018      0                        2.1205252207745335       2.363222131180905E-6     0.203842251910656        -0.10595618557181448     -8.415453137455311E-6    -0.5382088218078364
0.03000000000000025       0                        1.9023301932764114       1.6023055377362396E-5    0.20302378731606507      -0.0613826192352152      -5.376032054962268E-5    -0.4476008997998943
0.040000000000000036      0                        1.6814485345229273       -6.417864938505172E-6    0.20255323995080704      -0.03516357893855132     -1.309650242485244E-5    -0.37574642741670666
0.04999999999999982       0                        1.5011541561053767       -2.2387748015553985E-5   0.20228106604863608      -0.02067106152199397     -3.457266434693525E-5    -0.32432612452233023
0.06000000000000005       0                        1.3724273230444335       -5.789271814338144E-6    0.2021179194432921       -0.01278448650639244     3.281082957890427E-6     -0.2901766416272603
0.06999999999999984       0                        1.2883950316468191       2.1487988115075173E-6    0.20201373015951749      -0.008516113571585444    -1.1557405366893083E-5   -0.26878959983354894
0.08000000000000007       0                        1.237365919727883        -7.037296705533268E-7    0.2019411826208133       -0.006231316533023726    -4.62760884045331E-6     -0.25610645369756274
0.08999999999999986       0                        1.2089811557227692       5.983911255647472E-6     0.2018856330067401       -0.005018851262447914    1.0961511887283621E-5    -0.24909477717875939
0.10000000000000009       0                        1.195263738758872        -9.10974684176619E-6     0.20183913076617782      -0.004353934878535596    2.0634934814838374E-5    -0.2456049289459582
0.10999999999999988       0                        1.190847574890344        -1.284156152097025E-5    0.20179743748213474      -0.004015960039104295    3.8088726030866937E-6    -0.24432594908379024
0.1200000000000001        0                        1.1923148544751334       -1.5179225311139844E-6   0.2017582957786297       -0.003829214878197333    -2.5450471492392475E-7   -0.24438862794864513
0.1299999999999999        0                        1.1973359070093594       8.889740049371255E-6     0.20172045797842938      -0.003743433087743118    -1.6904217195205463E-6   -0.24527058060368923
0.14000000000000012       0                        1.204581917811734        -3.190418446192282E-6    0.20168327965163974      -0.0036989420661869073   1.6356798732949932E-6    -0.2466429738595194
0.1499999999999999        0                        1.2131697282886078       -4.284840027843466E-6    0.201646406519754        -0.0036791651771335442   -7.809866914418254E-7    -0.24831048138507764
0.16000000000000014       0                        1.2225785864952843       3.3770235670004243E-7    0.20160965534560985      -0.003673000970440659    4.970039283331718E-7     -0.2501566484266778
0.16999999999999993       0                        1.2324694520849462       -4.792404159513211E-6    0.20157292807602922      -0.003673592033998003    2.478024328519254E-7     -0.25210606825502
0.18000000000000016       0                        1.242631296114454        3.62966338508225E-6      0.20153617437357652      -0.00367785985616021     -6.202826863833951E-8    -0.2541130174319462
0.18999999999999995       0                        1.2529115362014884       -5.792050227742769E-6    0.20149936634532514      -0.0036839130832221818   -2.0796102624003242E-8   -0.25614479371457
0.20000000000000018       0                        1.2632200739529957       5.647111401380026E-6     0.2014624932610268       -0.003690859317755653    2.11686062992165E-8      -0.25818232495370486
0.20999999999999996       0                        1.2734740153000474       -5.96154730788109E-6     0.201425549335675        -0.0036979828058569574   5.8256288261859324E-8    -0.2602081859023768
0.2200000000000002        0                        1.28362545223089         -3.636987217543236E-7    0.20138853241405252      -0.0037052296602327187   -1.3586869110436833E-7   -0.26221267565433615
0.22999999999999998       0                        1.2936237210849932       2.41856542662307E-6      0.20135144512099112      -0.00371232380466241     -1.97538708141489E-8     -0.26418532948791973
0.2400000000000002        0                        1.3034475571911917       -1.0886793137657702E-6   0.20131428778945237      -0.003719183326253863    -4.280705764990731E-8    -0.2661217999731001
0.25                      0                        1.3130480084291563       1.4920474252117742E-7    0.20127706257115907      -0.0037258603324098133   -2.038276115616621E-9    -0.26801230648394087
0.26000000000000023       0                        1.3224222027363854       3.1926477417833085E-6    0.20123977252041902      -0.0037321934291134617   1.362449849784533E-7     -0.2698561366837351
0.27                      0                        1.331535579428617        -1.9944210718005167E-6   0.20120242072260602      -0.0037382871753192937   2.405738131667195E-7     -0.27164646903463485
0.28000000000000025       0                        1.3403730783916459       -3.6504622520815755E-6   0.20116500639412868      -0.0037444661082514778   -2.5303819843887515E-8   -0.27338062499342486
0.29000000000000004       0                        1.348929517425756        -6.673440360444085E-7    0.20112753525916785      -0.003749760883944539    -3.234638810007585E-7    -0.27505662996212554
0.30000000000000027       0                        1.3571956091196253       2.1485868530763542E-6    0.20109001002422092      -0.0037553347595783238   -4.811105773524293E-8    -0.27667381340227243
0.31000000000000005       0                        1.3651591787381523       3.1678666616070724E-7    0.20105243084578991      -0.0037603737181787383   3.0346962550695676E-7    -0.27822894509492646
0.31999999999999984       0                        1.3728195760394204       -3.2351308319544286E-6   0.20101480153319962      -0.003765545172225399    7.789102325551589E-8     -0.2797225997906807
0.33000000000000007       0                        1.3801705504522939       -2.290261063722851E-6    0.20097712250482822      -0.003770094095917609    -2.472607991235932E-7    -0.2811527998917245
0.33999999999999986       0                        1.3872166496968497       -1.175844666113343E-7    0.20093939893132484      -0.0037746635647635594   -8.394975351647855E-8    -0.28252114334237477
0.3500000000000001        0                        1.3939513334556302       2.5022774012869127E-6    0.20090162966375946      -0.0037790815627623733   -2.841014386396935E-10   -0.28382617612596905
0.3599999999999999        0                        1.4003814692531018       1.6220323983775108E-6    0.20086381802967096      -0.003783136660823921    -6.591261039766322E-8    -0.2850691052730022
0.3700000000000001        0                        1.4065164330213513       1.3583408976569556E-6    0.20082596710946984      -0.0037871398534827343   4.3613287412895915E-8    -0.2862521627703575
0.3799999999999999        0                        1.412353199159838        1.2564047689019544E-6    0.20078807719793168      -0.0037908424541543972   -6.188042628169607E-8    -0.2873745256378057
0.3900000000000001        0                        1.4179061815675558       2.2205125763385426E-6    0.2007501514577773       -0.003794583056159227    -3.4624084945011604E-8   -0.2884394637587647
0.3999999999999999        0                        1.423168288257743        3.009183672445685E-6     0.2007121894729096       -0.0037978139173845786   4.444971260292062E-8     -0.28944503704200913
0.41000000000000014       0                        1.4281604203969094       5.814484585076925E-7     0.20067419532334813      -0.003800770414092466    -5.823841951833322E-8    -0.29039571356989685
0.41999999999999993       0                        1.4328875197436957       1.2370376766712218E-6    0.20063617010600623      -0.0038040759829384434   -1.2240146015929324E-8   -0.29129314013700797
0.43000000000000016       0                        1.437356499873162        8.23814280471373E-7      0.20059811514670584      -0.0038069158771420744   1.430596434100897E-7     -0.2921379205455647
0.43999999999999995       0                        1.4415748743506567       1.2957957872940924E-7    0.20056003170283349      -0.0038097335215878784   1.1363824689291305E-7    -0.29293203602336376
0.4500000000000002        0                        1.445555760065334        1.1391632408249496E-6    0.20052192194961166      -0.0038122331921736216   3.312714159589296E-8     -0.2936778524858061
0.45999999999999996       0                        1.4493043293450285       5.875573313169815E-7     0.20048378703562766      -0.003814749604623866    2.242733456843728E-7     -0.2943767701188457
0.4700000000000002        0                        1.4528356108941565       -5.267888196062434E-7    0.20044562914829842      -0.00381690222965399     1.2109964584140322E-7    -0.29503145030438566
0.48                      0                        1.4561548715541455       -6.399555023022739E-7    0.20040744893150378      -0.0038191411292773795   5.097226447055629E-8     -0.29564342418662526
0.4900000000000002        0                        1.4592635155698195       -5.056891241024473E-7    0.20036924664745728      -0.0038211786458873607   -2.0609699960911985E-8   -0.2962127099207322
0.5                       0                        1.462186831516926        -4.410980991968165E-7    0.20033102611019782      -0.003822934376642969    -1.5061434670957002E-7   -0.2967443226992477
0.5100000000000002        0                        1.4649255902104954       1.4222020338686966E-6    0.2002927872630071       -0.0038248484315386512   3.68183271393476E-9      -0.2972388780277045
0.52                      0                        1.4674884326485083       1.06141890039923E-6      0.2002545312520731       -0.0038263537552673      9.15738201560735E-8      -0.29769756195313374
0.5300000000000002        0                        1.469887793430933        1.0856205397030737E-7    0.20021626000231385      -0.003827795904654656    -6.547484839128633E-8    -0.2981232325284497
0.54                      0                        1.4721301229187416       -8.355869609131825E-7    0.200177974145989        -0.0038292931806506772   1.3129106412474683E-8    -0.2985173188658101
0.5500000000000003        0                        1.4742197128593157       2.3543559610088918E-7    0.20013967432297486      -0.003830597754732107    -7.0702488636214335E-9   -0.2988804509669051
0.56                      0                        1.4761720963512477       -3.5052865357912457E-7   0.2001013627873572       -0.003831713388376166    -6.675011287616849E-8    -0.2992157615769308
0.5699999999999998        0                        1.4779899476621197       1.022544796011664E-6     0.20006303976913506      -0.003832860076894592    4.47073889204905E-9      -0.29952402175440307
0.5800000000000001        0                        1.4796829103319908       7.771260092912572E-7     0.20002470659957475      -0.0038337738351677557   3.5285703009410665E-8    -0.29980691383472907
0.5899999999999999        0                        1.4812582813520077       -8.42242558157359E-8     0.1999863643934825       -0.0038346703561430184   -8.853686362387979E-9    -0.30006612877146926
0.6000000000000001        0                        1.4827232693560988       -3.5057989787045654E-7   0.19994801398454531      -0.0038354329349211515   2.016762998870408E-8     -0.3003030059313452
0.6099999999999999        0                        1.4840822554621014       2.5314316488730274E-7    0.19990965606173855      -0.003836064340355251    -3.9879708854583905E-8   -0.30051843759711316
0.6200000000000001        0                        1.4853445446991407       -9.037634021124789E-7    0.1998712919342159       -0.003836719961613857    6.9605011300705E-10      -0.30071445307807076
0.6299999999999999        0                        1.4865126084952085       2.8387134898991235E-7    0.19983292187383284      -0.00383724739842687     1.7811148141738435E-9    -0.30089140535631737
0.6400000000000001        0                        1.4875963896938096       -1.620668622469839E-7    0.1997945474278289       -0.0038376460126625816   -4.612876488944927E-8    -0.3010512934468094
0.6499999999999999        0                        1.4885989996029958       3.255463673156873E-7     0.1997561689871243       -0.003838066137221423    1.468676561767966E-9     -0.30119489945598166
0.6600000000000001        0                        1.4895251732935015       8.275519770647529E-7     0.19971778720204875      -0.003838290877887749    7.005515120913301E-10    -0.30132296246981405
0.6699999999999999        0                        1.4903824672358317       4.8050381761760515E-8    0.19967940334473896      -0.0038384657847981285   -4.349191475985242E-9    -0.30143714759790896
0.6800000000000002        0                        1.491172464177041        4.939933936253693E-7     0.19964101752517338      -0.003838626373051198    2.1602346457337174E-8    -0.3015378144268758
0.69                      0                        1.491902177482735        1.4089011588005279E-7    0.1996026309125317       -0.0038386961552766743   6.517532346557797E-8     -0.30162629584496536
0.7000000000000002        0                        1.4925741436700957       2.1761091337284276E-7    0.19956424392828181      -0.003838686349188734    2.2074009648529465E-8    -0.301703116837614
0.71                      0                        1.4931927349559933       -9.088333532868698E-8    0.19952585718083612      -0.0038386631399530517   7.15415381972813E-9      -0.30176922351824464
0.7200000000000002        0                        1.4937606805930115       -1.985974412949056E-7    0.1994874710889878       -0.0038385196294497383   -4.027842277759528E-9    -0.30182506021311484
0.73                      0                        1.4942837893585252       4.899168952774878E-7     0.19944908685254042      -0.0038383276600353314   -1.512296167067264E-8    -0.30187186494614704
0.7400000000000002        0                        1.4947645249550228       1.0210274731804137E-7    0.1994107047521387       -0.0038380877882021745   -3.592147665646889E-8    -0.3019101351479791
0.75                      0                        1.4952055901189296       -2.2587268696382743E-7   0.1993723252363503       -0.003837808550031546    -1.0092694342350534E-8   -0.3019404237584319
0.7600000000000002        0                        1.4956083424738218       3.4452563730562577E-7    0.19933394864010368      -0.00383748452234318     -1.6471114194840027E-9   -0.3019630010467306
0.77                      0                        1.4959777999908688       6.244635982281266E-8     0.199295575835299        -0.0038370764385986036   -8.192554030330367E-9    -0.30197883352460253
0.7800000000000002        0                        1.4963159208923276       3.6929337982544533E-7    0.19925720722557416      -0.003836650307655774    -5.34412905693143E-10    -0.30198838183182414
0.79                      0                        1.4966246883776095       1.5292915126087775E-7    0.1992188431710937       -0.0038361605884361587   1.1716232826294217E-8    -0.30199199966832213
0.8000000000000003        0                        1.4969067740988058       2.1579205348905063E-7    0.1991804842524516       -0.00383562635006994     -3.1498495756583474E-9   -0.3019902424958453
0.81                      0                        1.49716351673606         1.1466974422330821E-7    0.19914213071439915      -0.0038350812604202745   -2.3925478456872868E-9   -0.30198341401110224
0.8199999999999998        0                        1.4973973555518205       -7.140002434928363E-8    0.19910378307207977      -0.0038344432560622793   9.394429604291646E-9     -0.3019719215085579
0.8300000000000001        0                        1.4976104107570722       -1.6348198616436528E-8   0.1990654418359478       -0.00383380606949072     2.1701939625770487E-9    -0.30195628418496256
0.8399999999999999        0                        1.4978037350276778       -1.671537644888285E-7    0.19902710720700567      -0.0038331197189316324   1.078664303174827E-9     -0.30193666426533877
0.8500000000000001        0                        1.4979791484733624       9.759067558926938E-8     0.19898877964253597      -0.003832385949802352    -8.791414446248152E-9    -0.30191342863448195
0.8599999999999999        0                        1.4981381753491676       -2.2514488967634487E-8   0.19895045949190543      -0.003831639884259715    -4.3419198099876125E-10  -0.3018869182523414
0.8700000000000001        0                        1.4982818548983508       1.0799795701837258E-7    0.1989121470240489       -0.003830838732540632    3.5803659265134085E-9    -0.3018572993375461
0.8799999999999999        0                        1.498412039424136        1.7243895059570668E-8    0.19887384270537842      -0.0038300172356888758   -1.641309535496821E-8    -0.3018249774719698
0.8900000000000001        0                        1.4985295131313883       -3.933993498024598E-8    0.19883554675908408      -0.0038291651079379874   -8.395283029541207E-10   -0.3017901001860417
0.8999999999999999        0                        1.4986349617674792       7.322690499687925E-8     0.1987972594333036       -0.003828291902834526    -1.966738302955414E-9    -0.30175281519314306
0.9100000000000001        0                        1.4987299308405906       -4.927990021566732E-9    0.19875898111496348      -0.0038273716070885027   -3.39721895916402E-9     -0.301713405627464
0.9199999999999999        0                        1.4988151740638205       8.763965672195509E-8     0.19872071202902575      -0.003826442647788817    -1.0142332236047952E-9   -0.3016720612376594
0.9300000000000002        0                        1.4988915608660391       1.0344744237352721E-7    0.19868245249630537      -0.0038254638962824526   9.054438274969384E-9     -0.3016289152351623
0.94                      0                        1.4989598177660968       1.0459481338117115E-8    0.19864420273596062      -0.0038244865899292545   3.694820033043621E-9     -0.3015841645233163
0.9500000000000002        0                        1.4990207704757192       -3.764860425292736E-8    0.19860596299343528      -0.0038234619151313386   6.170605514135137E-10    -0.3015379255826229
0.96                      0                        1.499074849746434        4.0370684930985403E-8    0.1985677335088368       -0.003822426621696483    -1.1369948137816633E-9   -0.30149032189594593
0.9700000000000002        0                        1.4991229483653006       -1.1082608223719197E-8   0.1985295145570828       -0.0038213638288519826   1.235843786845268E-10    -0.3014415150291978
0.98                      0                        1.4991654681110607       5.418227304032562E-8     0.1984913063020096       -0.003820282835611539    -2.1007749363244987E-10  -0.30139159496383966
0.9900000000000002        0                        1.4992030101301557       5.626997518617659E-9     0.19845310900210647      -0.003819177593884143    5.223836970589223E-10    -0.30134067597953
1                         0                        1.4992359875033543       6.462232598692006E-8     0.1984149228300215       -0.0038180489595739642   2.08257637880553E-9      -0.301288841724043
1.0100000000000002        0                        1.499264839387057        -1.5283124445277066E-8   0.19837674803671618      -0.003816910784264326    8.080765377266217E-9     -0.3012361940676583
1.02                      0                        1.4992899758889926       1.8389848357987718E-8    0.19833858474597807      -0.00381573867862067     1.0903957663283669E-8    -0.30118279062027503
1.0300000000000002        0                        1.49931186247845         3.1036448097032407E-8    0.19830043325966457      -0.0038145589242862105   -5.297650407293002E-9    -0.3011287508451175
1.04                      0                        1.4993306235329977       4.357391190832511E-8     0.1982622936287477       -0.0038133581780895264   -4.3007939774623984E-9   -0.3010740865075621
1.0500000000000003        0                        1.499346769508186        -1.517851356361211E-8    0.19822416611649044      -0.003812138345353228    1.1316762511702008E-9    -0.30101890145056714
1.06                      0                        1.4993604294447753       2.9441433510893905E-8    0.1981860508696434       -0.0038109110304500584   -1.7631002151972762E-9   -0.30096323337232267
1.0700000000000003        0                        1.4993719652269757       3.108911363019291E-8     0.1981479480561659       -0.003809651665048723    4.517996518227849E-10    -0.30090712994771485
1.08                      0                        1.4993815820899383       6.652874536455934E-9     0.19810985783301333      -0.0038083889965717117   -2.970039109743359E-10   -0.300850661061848
1.0899999999999999        0                        1.4993894278116628       3.668514344668497E-8     0.19807178034138123      -0.003807100936205758    -2.7671241562749676E-10  -0.3007938343279067
1.1                       0                        1.4993958269228758       3.2502154132007946E-8    0.1980337158271569       -0.0038058019086660228   2.497088656128412E-9     -0.30073672900993575
1.1099999999999999        0                        1.4994008078566186       1.4549885656765416E-8    0.19799566427808218      -0.0038044998575933586   -1.502700741645106E-8    -0.3006793588282576
1.12                      0                        1.4994046432280548       1.234858377980944E-8     0.1979576259697135       -0.0038031618161504933   -1.270017409193801E-8    -0.3006217453575415
1.13                      0                        1.4994074230560623       1.7375152744049914E-8    0.1979196010417592       -0.003801823774702663    -1.0373341285853484E-8   -0.3005639427450108
1.1400000000000001        0                        1.4994092451375656       1.920017716251813E-8     0.19788158953450008      -0.003800472956818736    6.390574590003916E-9     -0.3005059577473651
1.15                      0                        1.4994103077113032       1.036610671163398E-8     0.19784359168330398      -0.003799097282401151    2.205130170150003E-9     -0.3004478179669734
1.1600000000000001        0                        1.4994106377783178       1.226803693353896E-8     0.19780560758703442      -0.0037977185899562764   -5.237544960860716E-10   -0.3003895508181592
1.17                      0                        1.4994103890473447       1.801587103059791E-8     0.19776763738613243      -0.003796325708873249    -7.593737860872035E-9    -0.30033117582298824
1.1800000000000002        0                        1.4994096108938906       1.619445334140045E-8     0.19772968115738454      -0.0037949195262596772   4.607601635082743E-9     -0.30027270381262666
1.19                      0                        1.4994084045880827       7.271905418467255E-9     0.19769173909446022      -0.003793493058611586    2.874803370584949E-10    -0.30021414817447967
1.2000000000000002        0                        1.4994068135081091       1.3672720542873173E-8    0.19765381129605736      -0.0037920615238080076   -3.206304777493977E-10   -0.30015553289696245
1.21                      0                        1.4994049213748164       5.904135363493026E-9     0.1976158978774582       -0.003790630410729735    1.276245625510878E-8     -0.30009688023009373
1.2200000000000002        0                        1.4994027680199509       7.276898673647477E-9     0.19757799894918732      -0.0037891643685691568   -1.0966004750710144E-8   -0.30003816289282353
1.23                      0                        1.499400411589794        9.632505293622185E-9     0.197540114659201        -0.003787693628701412    -3.3234536975358927E-9   -0.2999794228542025
1.2400000000000002        0                        1.4993978853310226       7.3344695700733165E-9    0.19750224509832226      -0.0037862146306378718   3.2096564167835926E-9    -0.2999206632791916
1.25                      0                        1.4993952347836865       8.143801069123245E-9     0.1974643904203724       -0.0037847257594344134   -1.7753465355071827E-9   -0.2998618917952062
1.2600000000000002        0                        1.499392491998694        9.396329979573082E-9     0.19742655070162493      -0.0037832179900602774   1.1173086577225503E-9    -0.2998031058332762
1.27                      0                        1.4993896827410509       6.56229806812804E-9      0.19738872604234003      -0.0037817105343806077   4.446893208229819E-9     -0.29974432985166505
1.2800000000000002        0                        1.499386835380375        7.917413821694471E-9     0.19735091658211795      -0.003780179876009056    6.77297257082055E-10     -0.2996855461494872
1.29                      0                        1.4993839721847133       6.075432077439584E-9     0.19731312244543467      -0.0037786463814810777   -4.850741453084811E-10   -0.2996267796778856
1.3000000000000003        0                        1.499381112400775        7.352048509739133E-9     0.19727534372385958      -0.0037770965400234584   -4.554244833964767E-9    -0.2995680208619493
1.31                      0                        1.499378268823925        7.885905027800106E-9     0.19723758051647847      -0.0037755438866403394   2.6249019714749753E-9    -0.2995092859084574
1.3200000000000003        0                        1.4993754642526351       5.420748254280352E-9     0.19719983295954316      -0.00377396750042817     -4.548720376446389E-10   -0.29945055859468533
1.33                      0                        1.4993727034487538       7.687597301823298E-9     0.19716210116466396      -0.00377240584670648     -2.0856752357916075E-8   -0.29939187848760535
1.3399999999999999        0                        1.4993699932876263       6.240030157658537E-9     0.19712438513373357      -0.003770801273073682    -6.2167226959001674E-9   -0.29933318928786723
1.35                      0                        1.4993673527301496       5.398397830522934E-9     0.1970866851430057       -0.003769196872501051    -2.758959824976356E-9    -0.29927453823373
1.3599999999999999        0                        1.4993647805865407       5.031952438602342E-9     0.19704900119788354      -0.003767587090820907    1.821536216586046E-9     -0.2992159195366826
1.37                      0                        1.4993622852754454       3.5050574875660708E-9    0.19701133344006616      -0.003765961279329833    4.18961362611428E-9      -0.2991573244111902
1.38                      0                        1.4993598690044756       3.5158092945855428E-9    0.1969736819544541       -0.0037643331157810934   -1.8302551171277615E-9   -0.29909876708834066
1.3900000000000001        0                        1.4993575386195805       3.8131411021213116E-9    0.19693604684799912      -0.0037626842286250578   -4.93098121053188E-10    -0.29904023069611146
1.4                       0                        1.4993552931977745       2.9939867348081826E-9    0.19689842827594828      -0.0037610301815376016   4.672661868325188E-9     -0.298981730839403
1.4100000000000001        0                        1.4993531302813323       2.9728801979506615E-9    0.1968608262064867       -0.0037593725692266003   4.4709986724169876E-10   -0.29892326857169177
1.42                      0                        1.4993510593182324       2.8638042595307615E-9    0.19682324091318218      -0.003757686091682093    -8.710452416998711E-10   -0.29886482085330945
1.4300000000000002        0                        1.499349077998037        2.778124253099439E-9     0.1967856724760401       -0.0037560035331300596   -1.12490704922348E-9     -0.29880642012330444
1.44                      0                        1.4993471821552269       3.3726810791599876E-9    0.19674812094381003      -0.0037543029128801154   -3.5161262076972696E-9   -0.29874804364431745
1.4500000000000002        0                        1.4993453693687686       3.102258855865914E-9     0.19671058638669695      -0.003752607669294908    -8.275282002647048E-9    -0.2986897144740041
1.46                      0                        1.4993436436804801       3.4157179734410917E-9    0.19667306897276607      -0.0037508751168795836   -4.49281717398157E-9     -0.29863139096432906
1.4700000000000002        0                        1.4993420036836018       3.4571607830570166E-9    0.19663556888435935      -0.0037491425644673127   -7.103539172778411E-10   -0.29857311041100754
1.48                      0                        1.499340443915314        2.4387997052284455E-9    0.19659808611325114      -0.0037474054710188317   6.5752657324915275E-9    -0.2985148671769619
1.4900000000000002        0                        1.4993389629892355       2.304913389105195E-9     0.19656062080875336      -0.003745651653167738    1.824041785278266E-9     -0.2984566490210844
1.5                       0                        1.4993375616948703       1.4381802416852487E-9    0.19652317308984896      -0.0037438879070663135   -9.33614275542458E-10    -0.2983984630641394
1.5100000000000002        0                        1.4993362331714508       1.7496429127843664E-9    0.1964857430756565       -0.003742114931413678    2.5954854290819464E-9    -0.298340308826362
1.52                      0                        1.4993349761317707       1.4214197265102136E-9    0.19644833076914678      -0.0037403299269177103   5.361431329504025E-9     -0.29828218325180256
1.5300000000000002        0                        1.4993337893313445       1.7985688989104946E-9    0.1964109364782523       -0.0037385282519740537   2.397251655555857E-9     -0.2982240819080301
1.54                      0                        1.4993326699731          2.072606324099695E-9     0.19637356017316795      -0.003736726890029141    -8.990873593158126E-9    -0.29816602117658825
1.5500000000000003        0                        1.4993316142533253       2.0025347258398517E-9    0.19633620195741833      -0.0037349046360674867   -8.020920270031315E-9    -0.2981079792532504
1.56                      0                        1.4993306201304748       1.662166258857375E-9     0.1962988620651774       -0.003733076124367993    1.0212393653170331E-8    -0.298049970715457
1.5700000000000003        0                        1.499329685556078        1.5154057446033884E-9    0.19626154049302189      -0.003731239176147701    -9.32685852484468E-9     -0.2979919929703017
1.58                      0                        1.4993288066920152       1.8591328056038368E-9    0.19622423740921063      -0.0037293775861194788   -3.2150076655352805E-9   -0.2979340293049219
1.5899999999999999        0                        1.499327982370783        9.604797115022267E-10    0.19618695292916555      -0.003727513283878905    4.153895481859212E-9     -0.29787610158663647
1.6                       0                        1.499327207489007        1.1358977238881308E-9    0.19614968716412923      -0.0037256369983717282   9.402316912647382E-9     -0.2978181997040079
1.6099999999999999        0                        1.4993264828975097       6.499426737325443E-10    0.19611244022760171      -0.003723748738841826    -1.6652761351151474E-9   -0.29776032399774
1.62                      0                        1.4993258033828525       8.229702083754273E-10    0.1960752122608347       -0.003721844614562281    -6.65444028415719E-9     -0.2977024697610016
1.63                      0                        1.4993251671660517       9.195039418064242E-10    0.1960380033265402       -0.0037199371088137835   -3.401842180936042E-9    -0.2976446492172777
1.6400000000000001        0                        1.499324573485226        8.439056215972235E-10    0.19600081359302574      -0.003718006194987765    3.3687259336206958E-9    -0.29758684243810835
1.65                      0                        1.4993240175251092       7.274861758924321E-10    0.19596364318424236      -0.0037160727529859014   1.0943693003848716E-8    -0.2975290695408412
1.6600000000000001        0                        1.4993234999177325       7.379892975952464E-10    0.19592649218484962      -0.003714122482408152    -1.4380264468491693E-9   -0.29747131647160113
1.67                      0                        1.4993230158815838       6.862434767419015E-10    0.19588936075957442      -0.0037121597247892937   -1.2176152182396294E-8   -0.29741358687794994
1.6800000000000002        0                        1.4993225658740243       9.36509547303336E-10     0.19585224904215834      -0.003710183758433474    1.3295245406244102E-10   -0.2973558803245207
1.69                      0                        1.4993221465398168       4.0851340272190053E-10   0.1958151571231645       -0.003708195671173058    7.007681339235036E-9     -0.2972981973741075
1.7000000000000002        0                        1.499321755952608        5.258741891872788E-10    0.19577808513473635      -0.0037061978166982147   3.096632484705533E-9     -0.2972405401979503
1.71                      0                        1.4993213936784815       2.3650582716256596E-10   0.19574103321210476      -0.0037041820632018785   -2.5889061999844564E-9   -0.29718290077884074
1.7200000000000002        0                        1.4993210561977315       1.6193433927652703E-10   0.19570400150886028      -0.0037021585857002397   -3.6686074754289393E-9   -0.29712528883008704
1.73                      0                        1.4993207431901094       2.2405854259767056E-10   0.19566699005523266      -0.003700126195176614    8.548051689111811E-9     -0.2970677031425598
1.7400000000000002        0                        1.4993204525904265       3.015810273685686E-10    0.19562999910622964      -0.0036980636054275433   2.633830272389557E-9     -0.2970101224056445
1.75                      0                        1.4993201841036496       1.9912175121164033E-10   0.19559302877495183      -0.003696000636608494    -2.217696478050444E-9    -0.29695257654885976
1.7600000000000002        0                        1.4993199348424902       1.3045488106957064E-10   0.1955560791712731       -0.0036939200991392297   -3.5365783243144274E-9   -0.2968950479802652
1.77                      0                        1.49931970409106         1.9792402199529234E-10   0.19551915035863815      -0.0036918318023404094   -6.531707701436854E-9    -0.2968375464621892
1.7800000000000002        0                        1.499319490530396        1.7272138087592432E-10   0.19548224256498098      -0.0036897212425766046   5.115607586319835E-9     -0.29678005757284315
1.79                      0                        1.4993192936616704       6.711203844109984E-11    0.1954453559588623       -0.003687599981159378    -1.3006883393787005E-9   -0.29672259302685455
1.8000000000000003        0                        1.4993191118900155       9.194768030585972E-11    0.19540849061108273      -0.003685465195576541    -2.5711903169333675E-9   -0.29666514979435354
1.81                      0                        1.49931894387547         4.112731958376218E-11    0.19537164664704898      -0.0036833289435631252   -8.916290915702352E-9    -0.29660773985762806
1.8200000000000003        0                        1.4993187889908388       1.8680265795358432E-10   0.1953348242211981       -0.003681154403958929    -1.104366146852058E-9    -0.29655032650302404
1.83                      0                        1.4993186465413708       2.0006462051578864E-11   0.1952980235718396       -0.003678985629056865    -9.897915663092783E-9    -0.29649295400299214
1.8399999999999999        0                        1.4993185154732018       8.415002828586484E-11    0.19526124468588812      -0.003676787728265265    3.2112055128158657E-9    -0.29643558724016067
1.85                      0                        1.499318394874164        1.1968732142104434E-10   0.19522448787372473      -0.003674574704408863    1.1807921089908683E-9    -0.2963782405033725
1.8599999999999999        0                        1.4993182839370036       -2.970680645727981E-11   0.19518775319179993      -0.0036723616805548575   -8.496216518774916E-10   -0.2963209288416037
1.87                      0                        1.4993181821471537       -6.748812077495168E-12   0.1951510406655432       -0.003670126798677437    -5.174632694786514E-9    -0.296263630333465
1.88                      0                        1.4993180887163622       2.495509803865966E-11    0.19511435070265323      -0.0036678657793134985   -2.350734299008349E-9    -0.2962063411559495
1.8900000000000001        0                        1.4993180033973397       -7.382788139348556E-11   0.19507768334373507      -0.003665606450931658    5.609270758369588E-10    -0.296149089149239
1.9                       0                        1.499317925069986        8.959529963736147E-13    0.19504103867917258      -0.003663322663022829    3.566546145645608E-9     -0.2960918480789747
1.9100000000000001        0                        1.4993178534539713       -1.277008564197593E-10   0.19500441692653533      -0.003661026466079149    -5.287380254447517E-9    -0.29603463026641536
1.92                      0                        1.499317788053845        -3.780940204759537E-11   0.19496781823728443      -0.0036587144131611515   8.552450348824719E-9     -0.2959774323943706
1.9300000000000002        0                        1.4993177283698358       5.2880544023525315E-12   0.19493124277198765      -0.0036563786461782655   -4.6076786843573404E-9   -0.2959202467473837
1.94                      0                        1.4993176739931522       -1.9442617268451624E-10  0.19489469068170012      -0.0036540325434396815   -7.393749724655775E-10   -0.29586308684994117
1.9500000000000002        0                        1.4993176243850188       -3.2579575983446713E-11  0.19485816212538198      -0.0036516833864986566   1.4896292847640148E-8    -0.29580596011635724
1.96                      0                        1.4993175792768314       -1.2858787649704177E-10  0.1948216572092215       -0.003649294143799538    -3.2320423013267574E-9   -0.2957488296214302
1.9700000000000002        0                        1.499317538300269        -1.618010189058284E-10   0.19478517626774988      -0.003646894150516962    -3.0544338873860347E-9   -0.2956917251296637
1.98                      0                        1.49931750106537         -8.920714849135228E-11   0.19474871929552506      -0.0036444969290984983   -1.0398162101680151E-8   -0.2956346600789464
1.9900000000000002        0                        1.4993174673411818       -1.1273838739966275E-10  0.19471228650346586      -0.0036420603686842887   5.075377674097142E-9     -0.2955775926292713
2                         0                        1.4993174368224815       -1.0906267216101112E-10  0.1946758781417271       -0.0036396119790695724   6.614746309378752E-10    -0.2955205506056896
