% Model:              C1EqPe1Eps01.mph
% Version:            COMSOL 5.6.0.280
% Date:               Jun 2 2021, 15:39
% Dimension:          2
% Nodes:              401
% Expressions:        8
% Description:        Velocity field, x component, Velocity field, y component, Dependent variable u3, Gradient of u3, x component, Dependent variable u5, Gradient of u5, x component, , 
% Length unit:        m
% x                       y                        u (m/s)                  v (m/s)                  u3 (1)                   u3x (1/m)                u5 (1)                   u5x (1/m)                -u*u3+u3x                -u*u5+u5x
-2                        0                        1.4995578599253545       -5.2000554391656395E-11  0.856657488351457        -0.11137720041093022     0                        0                        -1.3959846703322705      0
-1.99                     0                        1.4995578871802542       -6.924988823507973E-11   0.8555389876401523       -0.11232294185002034     0                        0                        -1.395253178556021       0
-1.98                     0                        1.499557917350612        2.3379311554685066E-11   0.8544110273511687       -0.1132709253128189      0                        0                        -1.394509746048934       0
-1.97                     0                        1.499557950771055        -1.1091839923386754E-10  0.8532734871351814       -0.11423862091294333     0                        0                        -1.393771662728648       0
-1.96                     0                        1.4995579877618055       2.533073912574073E-11    0.8521262510294372       -0.11520903218460099     0                        0                        -1.3930217584973148      0
-1.95                     0                        1.499558028437564        -8.923481282298445E-11   0.8509692543053949       -0.11619363003557101     0                        0                        -1.3922714072827531      0
-1.94                     0                        1.4995580734571885       -1.0952400212999883E-11  0.8498023657403639       -0.11718422034065694     0                        0                        -1.3915122187296383      0
-1.93                     0                        1.499558123060728        -8.280162832044385E-11   0.8486255266026653       -0.1181886371656939      0                        0                        -1.3907519390194087      0
-1.92                     0                        1.4995581774753544       -1.389207396310764E-10   0.8474385721194113       -0.11920225948510238     0                        0                        -1.3899857002148035      0
-1.91                     0                        1.4995582370830056       9.221236871474731E-11    0.8462414475474255       -0.12022659079684575     0                        0                        -1.389214924027634       0
-1.9                      0                        1.4995583026673953       -4.654516895070249E-11   0.8450340276642866       -0.121258582794755       0                        0                        -1.3884363750152053      0
-1.89                     0                        1.4995583743881098       -7.815079635856565E-11   0.8438162343454814       -0.12230435414203161     0                        0                        -1.387656054799438       0
-1.88                     0                        1.4995584532039365       -2.5397648277011695E-11  0.8425879059650424       -0.12336132194576213     0                        0                        -1.386871138903045       0
-1.87                     0                        1.499558539524982        -3.7378593600202214E-11  0.8413490081104127       -0.12441764357945015     0                        0                        -1.386069733412293       0
-1.8599999999999999       0                        1.4995586334788822       -1.3925362915346967E-10  0.8400993813751423       -0.12550538768601688     0                        0                        -1.3852836680073795      0
-1.85                     0                        1.4995587363206884       -1.312134320999972E-10   0.8388389007488922       -0.12659073756401207     0                        0                        -1.3844789395476562      0
-1.84                     0                        1.4995588484001185       -5.172041160585595E-11   0.8375675310730524       -0.12768944717625416     0                        0                        -1.3836712495294912      0
-1.83                     0                        1.4995589705178343       -9.015969742504943E-11   0.8362850729613573       -0.12880217516275191     0                        0                        -1.382860958232117       0
-1.82                     0                        1.4995591031555708       6.092277537103122E-11    0.8349914659749047       -0.12992414793857754     0                        0                        -1.382043201798461       0
-1.81                     0                        1.4995592479392723       7.301351724908506E-11    0.833686561995917        -0.13105664785899124     0                        0                        -1.381219041782666       0
-1.8                      0                        1.4995594051681547       -2.230040607526876E-10   0.832370310463726        -0.13219999539818886     0                        0                        -1.3803887230368062      0
-1.79                     0                        1.499559576106152        -9.824970569136053E-11   0.8310425154670995       -0.13335957584241276     0                        0                        -1.3795573380624466      0
-1.78                     0                        1.4995597612352263       -7.584353882947511E-11   0.8297031095639266       -0.13452527583490867     0                        0                        -1.3787146727087152      0
-1.77                     0                        1.499559962347791        -1.3246974717917182E-10  0.8283519462810592       -0.13570783717166077     0                        0                        -1.3778712505476054      0
-1.76                     0                        1.499560179732444        -2.7001003345619884E-10  0.826988922124397        -0.1369012127125265      0                        0                        -1.3770208694101274      0
-1.75                     0                        1.4995604157754072       2.090512819445601E-11    0.8256139075381509       -0.13810231126897918     0                        0                        -1.3761602457268474      0
-1.74                     0                        1.4995606707128102       -3.238267368910592E-10   0.824226798044595        -0.13932352335085926     0                        0                        -1.375301613446084       0
-1.73                     0                        1.4995609459817913       -1.987433466242354E-10   0.8228274331919664       -0.14055031699689868     0                        0                        -1.374430201094013       0
-1.72                     0                        1.4995612435464043       -6.5443487613271825E-12  0.8214157080692559       -0.14179470754519877     0                        0                        -1.3735578682060825      0
-1.71                     0                        1.4995615648425482       9.87242908990833E-11     0.8199915271751259       -0.14304516469852488     0                        0                        -1.3726729423468875      0
-1.7                      0                        1.499561911708004        -5.246606634650764E-10   0.8185547030779022       -0.14431983745564272     0                        0                        -1.3717932928407193      0
-1.69                     0                        1.499562284617381        -6.415975643319431E-11   0.8171051312740865       -0.14559452330751083     0                        0                        -1.370894560733465       0
-1.68                     0                        1.4995626860262712       -4.2301637927105526E-10  0.8156427203992453       -0.14689253338863434     0                        0                        -1.3699999220283017      0
-1.67                     0                        1.4995631186935297       -4.5885967899765136E-10  0.8141672563264546       -0.14820028116953088     0                        0                        -1.3690954712045835      0
-1.66                     0                        1.4995635843276232       3.303925049072374E-10    0.8126787049786787       -0.14951460287541016     0                        0                        -1.3681779946199686      0
-1.65                     0                        1.4995640839533877       -1.6660231863768243E-10  0.8111768535952184       -0.15085567381658815     0                        0                        -1.3672673492022933      0
-1.6400000000000001       0                        1.4995646191213843       -9.286469893250588E-11   0.8096615890886857       -0.15220012625018406     0                        0                        -1.3663399987091738      0
-1.63                     0                        1.4995651936075718       -3.4680450711078547E-10  0.8081327642354126       -0.15356484440445262     0                        0                        -1.3654126094657513      0
-1.62                     0                        1.4995658102984217       -3.4285031005059676E-11  0.8065902918607448       -0.1549298350519494      0                        0                        -1.3644650596449477      0
-1.6099999999999999       0                        1.49956647108258         -5.221618773209609E-10   0.8050339863575756       -0.15633038951849165     0                        0                        -1.3635323635422631      0
-1.6                      0                        1.4995671768218009       -5.024220089335345E-10   0.8034636841819378       -0.15773004560901543     0                        0                        -1.3625778141765668      0
-1.5899999999999999       0                        1.4995679316124182       -2.6825079080978225E-10  0.8018793021859674       -0.1591488263268271      0                        0                        -1.3616213129086474      0
-1.58                     0                        1.4995687388587835       -1.3139113418441614E-10  0.8002806538237763       -0.1605814402385539      0                        0                        -1.360657291026157       0
-1.57                     0                        1.499569598763438        7.204789369285891E-10    0.798667599969631        -0.16203146524421058     0                        0                        -1.3596891176760282      0
-1.56                     0                        1.4995705178076482       -9.825220957998472E-10   0.7970400174474387       -0.1634887813672255      0                        0                        -1.358706493044298       0
-1.55                     0                        1.4995714959786939       1.2811506897948022E-9    0.7953977173324126       -0.164971241637989       0                        0                        -1.3577269865161932      0
-1.54                     0                        1.4995725364936499       -5.946044627604181E-10   0.7937405855241553       -0.16645952099419645     0                        0                        -1.3567311041466088      0
-1.53                     0                        1.499573642407502        8.162158709585443E-10    0.792068444863527        -0.1679724283622285      0                        0                        -1.3557373912622734      0
-1.52                     0                        1.4995748179983883       -7.859854612145227E-11   0.7903811276180497       -0.16949102073326652     0                        0                        -1.3547266563304643      0
-1.51                     0                        1.4995760679652606       3.160953595005048E-10    0.788678565769907        -0.17103002335414244     0                        0                        -1.3537135258998607      0
-1.5                      0                        1.4995773909552736       1.4066031098538466E-9    0.7869604696964597       -0.1725891913352731      0                        0                        -1.3526973192676268      0
-1.49                     0                        1.4995787917971555       6.026507963536664E-11    0.785226782031154        -0.17414979226324992     0                        0                        -1.3516592213482963      0
-1.48                     0                        1.4995802751868745       1.5133234816701606E-10   0.7834773257471563       -0.17574471883506085     0                        0                        -1.3506318625816582      0
-1.47                     0                        1.4995818439266881       -9.14423357437805E-10    0.7817118805102709       -0.1773448258746705      0                        0                        -1.3495857690696615      0
-1.46                     0                        1.499583498199435        -4.0910873761246907E-10  0.779930378576962        -0.1789631168033821      0                        0                        -1.3485338422618325      0
-1.45                     0                        1.4995852435605903       2.992830261236419E-12    0.7781325570336387       -0.18060130189240264     0                        0                        -1.3474774019541167      0
-1.44                     0                        1.499587078290275        3.766254510564544E-10    0.776318312864326        -0.1822543591565031      0                        0                        -1.3464112697679533      0
-1.43                     0                        1.499589009750681        1.268718934347969E-10    0.7744874412966554       -0.18391995437760542     0                        0                        -1.3453328095359953      0
-1.42                     0                        1.4995910398447696       -1.3156093756909779E-9   0.7726398366531363       -0.18560875387268314     0                        0                        -1.3442525299448527      0
-1.4100000000000001       0                        1.4995931667775915       -1.5316413555142394E-10  0.77077523181428         -0.1873122138985703      0                        0                        -1.3431614846486786      0
-1.4                      0                        1.4995953910586157       -3.6091005588782033E-10  0.7688935145662927       -0.18903661121634738     0                        0                        -1.3420657818748205      0
-1.3900000000000001       0                        1.4995977176245139       6.244977921047176E-10    0.7669944917813851       -0.190769606825077       0                        0                        -1.3409527961310161      0
-1.38                     0                        1.499600145315025        7.184203569666998E-11    0.7650780225270826       -0.19253094399647439     0                        0                        -1.3398420577554193      0
-1.37                     0                        1.4996026721397695       -1.434974492861612E-9    0.7631438338907539       -0.1943065320608944      0                        0                        -1.3387190645904572      0
-1.3599999999999999       0                        1.499605295430915        -1.3954480459200007E-9   0.7611918438568245       -0.1960992982797846      0                        0                        -1.3375866181663008      0
-1.35                     0                        1.4996080189404524       5.229548887609156E-10    0.7592218155384238       -0.19790819897082515     0                        0                        -1.3364433217067744      0
-1.3399999999999999       0                        1.4996108357197844       1.3583566316681393E-9    0.7572336100031866       -0.19974033124853735     0                        0                        -1.335296057980525       0
-1.33                     0                        1.499613740498017        -7.770685352564733E-10   0.7552269540617816       -0.20159163078991        0                        0                        -1.3341403482954224      0
-1.3199999999999998       0                        1.4996167297415277       -1.9816202574204744E-9   0.7532017571063401       -0.20345428494713022     0                        0                        -1.3329682407745123      0
-1.31                     0                        1.4996197966302627       1.1824049044726693E-9    0.7511577677553676       -0.2053464380768579      0                        0                        -1.3317974969954043      0
-1.2999999999999998       0                        1.499622929857422        -1.2845837178128777E-9   0.7490948037541085       -0.2072521095053617      0                        0                        -1.3306118538520684      0
-1.29                     0                        1.499626121571455        1.5587664120283953E-9    0.7470126821831854       -0.2091759903570518      0                        0                        -1.329415721704112       0
-1.28                     0                        1.4996293597293329       -2.1686772068679155E-9   0.744911197137031        -0.2111247633595965      0                        0                        -1.3282154649774132      0
-1.27                     0                        1.4996326260622905       -4.91985883134231E-10    0.7427901506213409       -0.2130912550723271      0                        0                        -1.327003599261813       0
-1.26                     0                        1.4996358997720032       1.0173238723211846E-9    0.7406493064329565       -0.2150775826045675      0                        0                        -1.3257818716726641      0
-1.25                     0                        1.499639175527324        1.1142845821967042E-9    0.7384885767765699       -0.21707929740810158     0                        0                        -1.3245456978216636      0
-1.24                     0                        1.499642412452915        -6.772174112254136E-10   0.7363076082760078       -0.21911440270436225     0                        0                        -1.3233125206868306      0
-1.23                     0                        1.4996455901717556       -1.4124906664926213E-9   0.7341062669393037       -0.22116142755125143     0                        0                        -1.3220606534842279      0
-1.22                     0                        1.4996486717665052       2.8812208814487083E-9    0.731884314451958        -0.22322906991788358     0                        0                        -1.3207984099725016      0
-1.21                     0                        1.4996516362250172       -1.5270696054112204E-9   0.7296416249333206       -0.22532049688533215     0                        0                        -1.3195287535744669      0
-1.2                      0                        1.4996544209082583       -2.4100405971985873E-9   0.7273778504128477       -0.22743540491199202     0                        0                        -1.318250813954365       0
-1.19                     0                        1.499657000209894        -5.081374042461932E-9    0.7250928931809736       -0.2295666258296788      0                        0                        -1.3169572588909708      0
-1.18                     0                        1.4996593046457734       8.238721395254065E-10    0.7227864286487515       -0.23172628061474257     0                        0                        -1.3156596736095312      0
-1.17                     0                        1.4996612882887572       -5.303312360705106E-9    0.7204582998710317       -0.23390609749596808     0                        0                        -1.3143495196388872      0
-1.1600000000000001       0                        1.4996628638344731       8.3549157694561E-9       0.7181082858574902       -0.23609881484665254     0                        0                        -1.3130191433589606      0
-1.15                     0                        1.499663978215917        -1.159769644419202E-8    0.7157361331961254       -0.23833281001924272     0                        0                        -1.3116965068810216      0
-1.1400000000000001       0                        1.4996645504719683       1.6722643521703533E-8    0.7133416104504426       -0.24057838423616923     0                        0                        -1.3103515098052823      0
-1.13                     0                        1.4996644789436575       -1.912405952864635E-8    0.7109245015882636       -0.24284874914585636     0                        0                        -1.3089969713884992      0
-1.12                     0                        1.4996636559861214       3.254794383361892E-9     0.7084845553838973       -0.24514488410796031     0                        0                        -1.3076334226446775      0
-1.1099999999999999       0                        1.4996619859384013       2.770529150909725E-9     0.7060215562608732       -0.24745668929659176     0                        0                        -1.3062503784740935      0
-1.1                      0                        1.4996593022723737       -1.9160655937159984E-8   0.7035352222326622       -0.24981011634563308     0                        0                        -1.3048732568431065      0
-1.0899999999999999       0                        1.4996554584925588       5.579861415653731E-9     0.7010253410851243       -0.2521681457652366      0                        0                        -1.3034646250651512      0
-1.08                     0                        1.4996503906568783       8.57921605671949E-9      0.6984917536791343       -0.25456319974368985     0                        0                        -1.3020566310192117      0
-1.0699999999999998       0                        1.499643814475746        -4.658344565330676E-8    0.6959339923802671       -0.25698906002974503     0                        0                        -1.3006421669862236      0
-1.06                     0                        1.499635554020736        4.8820998185459194E-9    0.6933519723927449       -0.25941508018563614     0                        0                        -1.2991903494362003      0
-1.0499999999999998       0                        1.4996254673181737       1.2118684916143912E-8    0.6907454680798393       -0.26189445386204224     0                        0                        -1.2977539492291819      0
-1.04                     0                        1.4996132573411793       -2.2840318058667444E-8   0.6881140749697399       -0.2643841681577961      0                        0                        -1.2962891575454802      0
-1.03                     0                        1.4995987372263786       1.0835422011035734E-8    0.6854576558185008       -0.2669048974886845      0                        0                        -1.294816332576262       0
-1.02                     0                        1.4995815378609485       5.2174139343948014E-8    0.682775874017318        -0.2694546218423283      0                        0                        -1.2933327170155713      0
-1.01                     0                        1.4995614846666616       -1.028313513781812E-7    0.6800684939761058       -0.2720299872975392      0                        0                        -1.291834507799369       0
-1                        0                        1.4995380869952994       1.0247464339160652E-7    0.6773352468004563       -0.2746224382560401      0                        0                        -1.2903124384976854      0
-0.99                     0                        1.4995109995494884       -1.1499190642112823E-7   0.6745758651249968       -0.27725960143878825     0                        0                        -1.288793531224333       0
-0.98                     0                        1.4994800052985067       1.674907973128021E-8     0.6717900376966116       -0.27990996390060374     0                        0                        -1.2872456931854028      0
-0.97                     0                        1.49944439381951         4.34700940631782E-8      0.6689774783890189       -0.28260189761795673     0                        0                        -1.2856964271798834      0
-0.96                     0                        1.4994037501333037       4.262232465457986E-9     0.6661379744692271       -0.2853015639506212      0                        0                        -1.2841113409759832      0
-0.95                     0                        1.4993576357531948       -2.9126172219732775E-8   0.6632711838935385       -0.28805708066358315     0                        0                        -1.2825377948094214      0
-0.94                     0                        1.499305529676074        -1.6434455028280752E-8   0.6603768005841179       -0.2908195812204996      0                        0                        -1.2809261700060615      0
-0.9299999999999999       0                        1.4992467622049377       -1.2442742467394045E-7   0.6574545481752077       -0.2936307000638964      0                        0                        -1.2793173027124867      0
-0.9199999999999999       0                        1.499180521998206        2.203911984803502E-8     0.6545041508227367       -0.29645460752067004     0                        0                        -1.277674482001093       0
-0.9099999999999999       0                        1.4991061059287032       6.732916196622285E-8     0.6515252594670975       -0.29932548132737774     0                        0                        -1.2760309759612862      0
-0.8999999999999999       0                        1.4990229970467834       -1.8478361400440395E-8   0.6485175918882929       -0.30221848135113716     0                        0                        -1.274361265581089       0
-0.8899999999999999       0                        1.4989300085897581       1.5628016908185928E-8    0.6454808284528608       -0.30513755035025314     0                        0                        -1.272668134087624       0
-0.8799999999999999       0                        1.4988264542627419       -1.1535883225645656E-7   0.6424146576424513       -0.3081046367642469      0                        0                        -1.2709727202448955      0
-0.8699999999999999       0                        1.4987111666392423       7.27024303933209E-8      0.6393187235258768       -0.31108218655061953     0                        0                        -1.2692362965403976      0
-0.8599999999999999       0                        1.4985829386119676       1.1075129773047069E-8    0.6361928200796707       -0.31411423457001525     0                        0                        -1.267501940408843       0
-0.8499999999999999       0                        1.4984405220909676       -6.715001561270289E-8    0.6330364163984316       -0.3171665016778207      0                        0                        -1.2657339199684816      0
-0.8400000000000001       0                        1.4982832124831835       1.5272225386889386E-7    0.6298493927803882       -0.3202513570613138      0                        0                        -1.2639441286568962      0
-0.8300000000000001       0                        1.4981089630188056       2.0306268186411737E-7    0.6266312159118491       -0.32338401664649974     0                        0                        -1.2621458577114133      0
-0.8200000000000001       0                        1.4979168692500353       -4.5241469064228113E-7   0.6233816864511416       -0.3265333283543195      0                        0                        -1.2603072724710205      0
-0.81                     0                        1.4977048774639212       8.375312687150481E-7     0.6201003912640402       -0.329735030357162       0                        0                        -1.2584624108706008      0
-0.8                      0                        1.4974718427650981       4.36480417692258E-7      0.6167869327051648       -0.33295668141790236     0                        0                        -1.2565777461293381      0
-0.79                     0                        1.4972157346725128       -8.008941050728721E-7    0.6134410275043574       -0.3362338690079622      0                        0                        -1.2546874276811597      0
-0.78                     0                        1.4969332392077381       2.2613916522896158E-7    0.6100622458060547       -0.3395224706525356      0                        0                        -1.2527449243853406      0
-0.77                     0                        1.4966236497465426       1.453727641470712E-7     0.6066503638884585       -0.3428684476245295      0                        0                        -1.2507957293473424      0
-0.76                     0                        1.496283658112875        -2.944765458504496E-7    0.6032047414023881       -0.3462566031529555      0                        0                        -1.2488220002095516      0
-0.75                     0                        1.4959126545497654       1.852973057708913E-7     0.5997252233329284       -0.34965714802870357     0                        0                        -1.2467936988651154      0
-0.74                     0                        1.4955060787488381       -2.2200394110666424E-7   0.5962112952257188       -0.35312978430910336     0                        0                        -1.244767400537884       0
-0.73                     0                        1.4950621242694404       -2.3770432924531922E-7   0.5926626017767967       -0.356608905475329       0                        0                        -1.2426763138628         0
-0.72                     0                        1.494577884340814        1.2211058775698274E-7    0.5890787468779733       -0.3601659963299039      0                        0                        -1.240590063548923       0
-0.71                     0                        1.4940486933013388       -1.8840901884955797E-7   0.5854592741127438       -0.3637293036094458      0                        0                        -1.238433967078741       0
-0.7                      0                        1.4934727673061141       7.247475682361086E-7     0.5818038745863517       -0.36736435523741473     0                        0                        -1.2362725978453128      0
-0.69                     0                        1.49284654851481         2.793113536117549E-7     0.5781119593376763       -0.3710186944976531      0                        0                        -1.2340511376500374      0
-0.6799999999999999       0                        1.492166036505987        3.0277859959399E-7       0.5743832299259046       -0.3747383312784964      0                        0                        -1.2318134789125406      0
-0.6699999999999999       0                        1.4914244375521717       -9.499007988140921E-7    0.5706171749183155       -0.3784759234908199      0                        0                        -1.2295083226509778      0
-0.6599999999999999       0                        1.4906212495683617       8.713859167976541E-7     0.5668134691387985       -0.38228734626537225     0                        0                        -1.227191547905226       0
-0.6499999999999999       0                        1.4897484142128057       9.942218512839986E-7     0.562971376845242        -0.386129284191064       0                        0                        -1.2248150000934632      0
-0.6399999999999999       0                        1.488805460664292        -1.409595651740224E-6    0.5590907900119961       -0.39000838374630625     0                        0                        -1.2223858049232792      0
-0.6299999999999999       0                        1.4877840075173159       6.824842957447417E-7     0.5551710180563059       -0.39395972395072143     0                        0                        -1.2199342860520002      0
-0.6199999999999999       0                        1.4866770987007025       -3.9193282788355545E-7   0.5512115627865292       -0.39793133000460446     0                        0                        -1.2174049369383617      0
-0.6099999999999999       0                        1.4854815505799324       8.907092321643294E-7     0.5472121303624121       -0.40197462440485454     0                        0                        -1.2148481483117586      0
-0.5999999999999999       0                        1.4841898459003842       -5.941088266164468E-7    0.5431719848890543       -0.4060538953492592      0                        0                        -1.2122242398991503      0
-0.5900000000000001       0                        1.4827992783368251       1.8714633178906048E-6    0.5390908152860879       -0.41019805655629854     0                        0                        -1.2095615284205203      0
-0.5800000000000001       0                        1.481300151656562        1.2638717707829178E-6    0.5349680007081783       -0.414364330167083       0                        0                        -1.2068125107475154      0
-0.5700000000000001       0                        1.4796833233388142       -1.352143914803555E-6    0.5308030335700903       -0.4186290974505425      0                        0                        -1.2040494942018578      0
-0.56                     0                        1.477943404457773        -1.2051526706295282E-6   0.5265953822940607       -0.42290197629729914     0                        0                        -1.2011801483767257      0
-0.55                     0                        1.4760759621267556       9.003903791366047E-7     0.522344620502634        -0.4272717720074726      0                        0                        -1.1982921102776332      0
-0.54                     0                        1.4740666944540655       1.1937340504053004E-6    0.5180499208362191       -0.4316656494068359      0                        0                        -1.1953057837760717      0
-0.53                     0                        1.471914941830579        -1.9225273118320577E-6   0.5137110872595183       -0.4361264434250995      0                        0                        -1.192265468546417       0
-0.52                     0                        1.4696053939708287       8.48724230761466E-7      0.5093272777526489       -0.44065307585457913     0                        0                        -1.1891631905363504      0
-0.51                     0                        1.4671321802777073       -1.1216797603170942E-6   0.5048979683286633       -0.44520880894254033     0                        0                        -1.1859608660343568      0
-0.5                      0                        1.4644867942406077       2.4932328875423396E-6    0.5004227088514239       -0.4498361274328893      0                        0                        -1.1826985760839122      0
-0.49                     0                        1.4616571149771473       1.3536458757117088E-6    0.4959007001489346       -0.4545656130649469      0                        0                        -1.1794023997597862      0
-0.48                     0                        1.4586363724450846       -1.065616052548047E-6    0.49133146775561976      -0.4592806291581545      0                        0                        -1.1759545789533308      0
-0.47                     0                        1.4554165989082357       -2.6852236666087785E-6   0.48671441976329005      -0.46412603172097766     0                        0                        -1.1724982771724606      0
-0.45999999999999996      0                        1.451982290181125        2.7099574806150774E-6    0.4820488339265277       -0.46900200080112214     0                        0                        -1.1689283706649025      0
-0.44999999999999996      0                        1.4483306987054594       -6.420964452267083E-7    0.4773341886197554       -0.47393602319389344     0                        0                        -1.1652737821135473      0
-0.43999999999999995      0                        1.4444456568646273       -2.066711101783603E-6    0.4725697080769864       -0.47896008535993145     0                        0                        -1.1615613477575193      0
-0.42999999999999994      0                        1.44031405186227         5.168716612774561E-7     0.4677549101597948       -0.4840259418061011      0                        0                        -1.1577399117368272      0
-0.41999999999999993      0                        1.43593393495886         -2.9607534383946864E-6   0.4628889426307101       -0.48916756401081035     0                        0                        -1.153845504851472       0
-0.4099999999999999       0                        1.431297076623453        -4.987850443516368E-7    0.4579714176369222       -0.49436979212382187     0                        0                        -1.149862943364647       0
-0.3999999999999999       0                        1.426383789330363        -2.1606354394725474E-6   0.4530013587694843       -0.4996465843213413      0                        0                        -1.1458003790147615      0
-0.3899999999999999       0                        1.4211990467873667       1.3535951293489488E-6    0.44797841496278695      -0.5049688212311142      0                        0                        -1.1416353175575424      0
-0.3799999999999999       0                        1.4157224092224445       5.540680400468818E-7     0.44290160493279684      -0.5103931847669113      0                        0                        -1.1374189119508578      0
-0.3699999999999999       0                        1.4099437411432245       3.29359812835148E-6      0.4377704327545348       -0.5158331485740218      0                        0                        -1.133064830293839       0
-0.3599999999999999       0                        1.4038683787107542       -2.79787410096175E-7     0.4325841412717559       -0.5214255254693374      0                        0                        -1.1287167225325012      0
-0.34999999999999987      0                        1.3974844317542332       -2.9682054932562924E-6   0.4273420555064575       -0.526991627590365       0                        0                        -1.1241954971944927      0
-0.33999999999999986      0                        1.3907778892434086       -1.2003935648109787E-6   0.4220435240292873       -0.5327110488944173      0                        0                        -1.1196798504127194      0
-0.33000000000000007      0                        1.3837580875924451       4.4939126151380766E-8    0.41668774480891024      -0.5384447951810107      0                        0                        -1.1150398320609973      0
-0.32000000000000006      0                        1.376422995155821        1.1728711469069584E-6    0.41127432803970165      -0.5442766286386119      0                        0                        -1.1103640710697156      0
-0.31000000000000005      0                        1.3687592587514665       6.232650039171668E-7     0.4058020917059202       -0.5501706381176827      0                        0                        -1.1056160083608728      0
-0.30000000000000004      0                        1.360767336104683        2.4960066038413322E-6    0.40027075155994973      -0.5561135058923307      0                        0                        -1.100788870213183       0
-0.29000000000000004      0                        1.3524640781131796       1.4227054631021632E-6    0.39467931264555495      -0.5621742769866246      0                        0                        -1.0959638697141383      0
-0.28                     0                        1.3438442802047486       -1.940986925123822E-6    0.3890273805942011       -0.5682668096760926      0                        0                        -1.0910590299306455      0
-0.27                     0                        1.3349108129159863       -1.6734639749412587E-6   0.3833140370849061       -0.5744272191878252      0                        0                        -1.086117272034946       0
-0.26                     0                        1.3256926407715066       -2.070257218603957E-6    0.377538734830737        -0.5806332316459863      0                        0                        -1.0811335540172797      0
-0.25                     0                        1.3161845374960912       -5.627659545290525E-6    0.371700859469682        -0.5869683009566352      0                        0                        -1.0761952247646382      0
-0.24                     0                        1.30640897030611         2.651122820205939E-6     0.3657993826051135       -0.593325567367207       0                        0                        -1.0712091621349642      0
-0.22999999999999998      0                        1.2963878886753235       4.452723094768576E-6     0.3598342408572093       -0.5997420736041341      0                        0                        -1.0662268253820995      0
-0.21999999999999997      0                        1.2861469817711864       1.985297514153868E-6     0.35380416108209833      -0.6062738814180393      0                        0                        -1.0613180353318667      0
-0.20999999999999996      0                        1.275696177576044        -3.1831206719908233E-6   0.3477087672630399       -0.6128426138777566      0                        0                        -1.056413359184895       0
-0.19999999999999996      0                        1.2650847021229479       2.585051483751755E-6     0.3415474017958133       -0.6194700596077447      0                        0                        -1.0515564526694678      0
-0.18999999999999995      0                        1.254349068762834        -3.5187332348844256E-6   0.3353194437368816       -0.6261312269275064      0                        0                        -1.0467388589169353      0
-0.17999999999999994      0                        1.243520200009469        1.3935123449302454E-6    0.329024168541846        -0.632923812079622       0                        0                        -1.0420720119527276      0
-0.16999999999999993      0                        1.232639816799546        -2.2515986077076E-6      0.3226609712690143       -0.6397417858304668      0                        0                        -1.0374665463438681      0
-0.15999999999999992      0                        1.2217727307095265       4.871392791594004E-7     0.3162291548608817       -0.6466236001544724      0                        0                        -1.0329837582188177      0
-0.1499999999999999       0                        1.2109575753967123       9.236379545516796E-7     0.3097282381565472       -0.6535877929410554      0                        0                        -1.0286555492510032      0
-0.1399999999999999       0                        1.200258059155432        -2.889239977924201E-7    0.30315729905611716      -0.6606005354913009      0                        0                        -1.024467526875199       0
-0.1299999999999999       0                        1.1897398243445467       2.0903547554675192E-6    0.29651585187709034      -0.6676990281568802      0                        0                        -1.0204757456845033      0
-0.11999999999999988      0                        1.1794674287216256       -3.2779361693543073E-6   0.289803223898255        -0.6748526728210174      0                        0                        -1.0166661361475298      0
-0.10999999999999988      0                        1.1695145408803824       3.401192091197181E-7     0.28301860192269884      -0.6820809723096459      0                        0                        -1.0130753425978787      0
-0.09999999999999987      0                        1.1599565253383928       2.9956683903257975E-6    0.2761613332435286       -0.6893855090195233      0                        0                        -1.0097206495615048      0
-0.08999999999999986      0                        1.1508764759452352       -1.6482138413571636E-6   0.2692306341550575       -0.6967654680274126      0                        0                        -1.006616671480286       0
-0.08000000000000007      0                        1.1423570596529298       -2.9416511761848332E-6   0.26222573636083196      -0.7042304275377709      0                        0                        -1.0037858486922553      0
-0.07000000000000006      0                        1.1344865716927213       -1.917428894060578E-7    0.25514576891513024      -0.7117753207798447      0                        0                        -1.0012347694382742      0
-0.06000000000000005      0                        1.1273562826655545       -1.3992277484217226E-8   0.24798983930244553      -0.719420425118816       0                        0                        -0.9989933284936492      0
-0.050000000000000044     0                        1.1210583144474688       4.407454914911209E-7     0.24075699464815586      -0.727165595822787       0                        0                        -0.9970682264344868      0
-0.040000000000000036     0                        1.115687339312139        4.999909069848935E-7     0.23344621180138028      -0.7350136716017084      0                        0                        -0.9954666545188884      0
-0.030000000000000027     0                        1.111340092208072        -5.185043795193179E-8    0.22605637481345306      -0.7429756414815929      0                        0                        -0.9942011539109983      0
-0.020000000000000018     0                        1.1081152277498467       -3.128150728246112E-8    0.2185862560059167       -0.7510663253570431      0                        0                        -0.9932850842140257      0
-0.010000000000000009     0                        1.1061084820583966       -1.2829761843179816E-9   0.21103457451411373      -0.7592928957999331      0                        0                        -0.992720028677579       0
0                         0                        NaN                      NaN                      NaN                      NaN                      NaN                      NaN                      NaN                      NaN
0.010000000000000231      0                        NaN                      NaN                      NaN                      NaN                      NaN                      NaN                      NaN                      NaN
0.020000000000000018      0                        NaN                      NaN                      NaN                      NaN                      NaN                      NaN                      NaN                      NaN
0.03000000000000025       0                        NaN                      NaN                      NaN                      NaN                      NaN                      NaN                      NaN                      NaN
0.040000000000000036      0                        NaN                      NaN                      NaN                      NaN                      NaN                      NaN                      NaN                      NaN
0.04999999999999982       0                        NaN                      NaN                      NaN                      NaN                      NaN                      NaN                      NaN                      NaN
0.06000000000000005       0                        NaN                      NaN                      NaN                      NaN                      NaN                      NaN                      NaN                      NaN
0.06999999999999984       0                        NaN                      NaN                      NaN                      NaN                      NaN                      NaN                      NaN                      NaN
0.08000000000000007       0                        NaN                      NaN                      NaN                      NaN                      NaN                      NaN                      NaN                      NaN
0.08999999999999986       0                        NaN                      NaN                      NaN                      NaN                      NaN                      NaN                      NaN                      NaN
0.10000000000000009       0                        NaN                      NaN                      NaN                      NaN                      NaN                      NaN                      NaN                      NaN
0.10999999999999988       0                        NaN                      NaN                      NaN                      NaN                      NaN                      NaN                      NaN                      NaN
0.1200000000000001        0                        NaN                      NaN                      NaN                      NaN                      NaN                      NaN                      NaN                      NaN
0.1299999999999999        0                        NaN                      NaN                      NaN                      NaN                      NaN                      NaN                      NaN                      NaN
0.14000000000000012       0                        NaN                      NaN                      NaN                      NaN                      NaN                      NaN                      NaN                      NaN
0.1499999999999999        0                        NaN                      NaN                      NaN                      NaN                      NaN                      NaN                      NaN                      NaN
0.16000000000000014       0                        NaN                      NaN                      NaN                      NaN                      NaN                      NaN                      NaN                      NaN
0.16999999999999993       0                        NaN                      NaN                      NaN                      NaN                      NaN                      NaN                      NaN                      NaN
0.18000000000000016       0                        NaN                      NaN                      NaN                      NaN                      NaN                      NaN                      NaN                      NaN
0.18999999999999995       0                        NaN                      NaN                      NaN                      NaN                      NaN                      NaN                      NaN                      NaN
0.20000000000000018       0                        NaN                      NaN                      NaN                      NaN                      NaN                      NaN                      NaN                      NaN
0.20999999999999996       0                        NaN                      NaN                      NaN                      NaN                      NaN                      NaN                      NaN                      NaN
0.2200000000000002        0                        NaN                      NaN                      NaN                      NaN                      NaN                      NaN                      NaN                      NaN
0.22999999999999998       0                        NaN                      NaN                      NaN                      NaN                      NaN                      NaN                      NaN                      NaN
0.2400000000000002        0                        NaN                      NaN                      NaN                      NaN                      NaN                      NaN                      NaN                      NaN
0.25                      0                        NaN                      NaN                      NaN                      NaN                      NaN                      NaN                      NaN                      NaN
0.26000000000000023       0                        NaN                      NaN                      NaN                      NaN                      NaN                      NaN                      NaN                      NaN
0.27                      0                        NaN                      NaN                      NaN                      NaN                      NaN                      NaN                      NaN                      NaN
0.28000000000000025       0                        NaN                      NaN                      NaN                      NaN                      NaN                      NaN                      NaN                      NaN
0.29000000000000004       0                        NaN                      NaN                      NaN                      NaN                      NaN                      NaN                      NaN                      NaN
0.30000000000000027       0                        NaN                      NaN                      NaN                      NaN                      NaN                      NaN                      NaN                      NaN
0.31000000000000005       0                        NaN                      NaN                      NaN                      NaN                      NaN                      NaN                      NaN                      NaN
0.31999999999999984       0                        NaN                      NaN                      NaN                      NaN                      NaN                      NaN                      NaN                      NaN
0.33000000000000007       0                        NaN                      NaN                      NaN                      NaN                      NaN                      NaN                      NaN                      NaN
0.33999999999999986       0                        NaN                      NaN                      NaN                      NaN                      NaN                      NaN                      NaN                      NaN
0.3500000000000001        0                        NaN                      NaN                      NaN                      NaN                      NaN                      NaN                      NaN                      NaN
0.3599999999999999        0                        NaN                      NaN                      NaN                      NaN                      NaN                      NaN                      NaN                      NaN
0.3700000000000001        0                        NaN                      NaN                      NaN                      NaN                      NaN                      NaN                      NaN                      NaN
0.3799999999999999        0                        NaN                      NaN                      NaN                      NaN                      NaN                      NaN                      NaN                      NaN
0.3900000000000001        0                        NaN                      NaN                      NaN                      NaN                      NaN                      NaN                      NaN                      NaN
0.3999999999999999        0                        NaN                      NaN                      NaN                      NaN                      NaN                      NaN                      NaN                      NaN
0.41000000000000014       0                        NaN                      NaN                      NaN                      NaN                      NaN                      NaN                      NaN                      NaN
0.41999999999999993       0                        NaN                      NaN                      NaN                      NaN                      NaN                      NaN                      NaN                      NaN
0.43000000000000016       0                        NaN                      NaN                      NaN                      NaN                      NaN                      NaN                      NaN                      NaN
0.43999999999999995       0                        NaN                      NaN                      NaN                      NaN                      NaN                      NaN                      NaN                      NaN
0.4500000000000002        0                        NaN                      NaN                      NaN                      NaN                      NaN                      NaN                      NaN                      NaN
0.45999999999999996       0                        NaN                      NaN                      NaN                      NaN                      NaN                      NaN                      NaN                      NaN
0.4700000000000002        0                        NaN                      NaN                      NaN                      NaN                      NaN                      NaN                      NaN                      NaN
0.48                      0                        NaN                      NaN                      NaN                      NaN                      NaN                      NaN                      NaN                      NaN
0.4900000000000002        0                        NaN                      NaN                      NaN                      NaN                      NaN                      NaN                      NaN                      NaN
0.5                       0                        NaN                      NaN                      NaN                      NaN                      NaN                      NaN                      NaN                      NaN
0.5100000000000002        0                        NaN                      NaN                      NaN                      NaN                      NaN                      NaN                      NaN                      NaN
0.52                      0                        NaN                      NaN                      NaN                      NaN                      NaN                      NaN                      NaN                      NaN
0.5300000000000002        0                        NaN                      NaN                      NaN                      NaN                      NaN                      NaN                      NaN                      NaN
0.54                      0                        NaN                      NaN                      NaN                      NaN                      NaN                      NaN                      NaN                      NaN
0.5500000000000003        0                        NaN                      NaN                      NaN                      NaN                      NaN                      NaN                      NaN                      NaN
0.56                      0                        NaN                      NaN                      NaN                      NaN                      NaN                      NaN                      NaN                      NaN
0.5699999999999998        0                        NaN                      NaN                      NaN                      NaN                      NaN                      NaN                      NaN                      NaN
0.5800000000000001        0                        NaN                      NaN                      NaN                      NaN                      NaN                      NaN                      NaN                      NaN
0.5899999999999999        0                        NaN                      NaN                      NaN                      NaN                      NaN                      NaN                      NaN                      NaN
0.6000000000000001        0                        NaN                      NaN                      NaN                      NaN                      NaN                      NaN                      NaN                      NaN
0.6099999999999999        0                        NaN                      NaN                      NaN                      NaN                      NaN                      NaN                      NaN                      NaN
0.6200000000000001        0                        NaN                      NaN                      NaN                      NaN                      NaN                      NaN                      NaN                      NaN
0.6299999999999999        0                        NaN                      NaN                      NaN                      NaN                      NaN                      NaN                      NaN                      NaN
0.6400000000000001        0                        NaN                      NaN                      NaN                      NaN                      NaN                      NaN                      NaN                      NaN
0.6499999999999999        0                        NaN                      NaN                      NaN                      NaN                      NaN                      NaN                      NaN                      NaN
0.6600000000000001        0                        NaN                      NaN                      NaN                      NaN                      NaN                      NaN                      NaN                      NaN
0.6699999999999999        0                        NaN                      NaN                      NaN                      NaN                      NaN                      NaN                      NaN                      NaN
0.6800000000000002        0                        NaN                      NaN                      NaN                      NaN                      NaN                      NaN                      NaN                      NaN
0.69                      0                        NaN                      NaN                      NaN                      NaN                      NaN                      NaN                      NaN                      NaN
0.7000000000000002        0                        NaN                      NaN                      NaN                      NaN                      NaN                      NaN                      NaN                      NaN
0.71                      0                        NaN                      NaN                      NaN                      NaN                      NaN                      NaN                      NaN                      NaN
0.7200000000000002        0                        NaN                      NaN                      NaN                      NaN                      NaN                      NaN                      NaN                      NaN
0.73                      0                        NaN                      NaN                      NaN                      NaN                      NaN                      NaN                      NaN                      NaN
0.7400000000000002        0                        NaN                      NaN                      NaN                      NaN                      NaN                      NaN                      NaN                      NaN
0.75                      0                        NaN                      NaN                      NaN                      NaN                      NaN                      NaN                      NaN                      NaN
0.7600000000000002        0                        NaN                      NaN                      NaN                      NaN                      NaN                      NaN                      NaN                      NaN
0.77                      0                        NaN                      NaN                      NaN                      NaN                      NaN                      NaN                      NaN                      NaN
0.7800000000000002        0                        NaN                      NaN                      NaN                      NaN                      NaN                      NaN                      NaN                      NaN
0.79                      0                        NaN                      NaN                      NaN                      NaN                      NaN                      NaN                      NaN                      NaN
0.8000000000000003        0                        NaN                      NaN                      NaN                      NaN                      NaN                      NaN                      NaN                      NaN
0.81                      0                        NaN                      NaN                      NaN                      NaN                      NaN                      NaN                      NaN                      NaN
0.8199999999999998        0                        NaN                      NaN                      NaN                      NaN                      NaN                      NaN                      NaN                      NaN
0.8300000000000001        0                        NaN                      NaN                      NaN                      NaN                      NaN                      NaN                      NaN                      NaN
0.8399999999999999        0                        NaN                      NaN                      NaN                      NaN                      NaN                      NaN                      NaN                      NaN
0.8500000000000001        0                        NaN                      NaN                      NaN                      NaN                      NaN                      NaN                      NaN                      NaN
0.8599999999999999        0                        NaN                      NaN                      NaN                      NaN                      NaN                      NaN                      NaN                      NaN
0.8700000000000001        0                        NaN                      NaN                      NaN                      NaN                      NaN                      NaN                      NaN                      NaN
0.8799999999999999        0                        NaN                      NaN                      NaN                      NaN                      NaN                      NaN                      NaN                      NaN
0.8900000000000001        0                        NaN                      NaN                      NaN                      NaN                      NaN                      NaN                      NaN                      NaN
0.8999999999999999        0                        NaN                      NaN                      NaN                      NaN                      NaN                      NaN                      NaN                      NaN
0.9100000000000001        0                        NaN                      NaN                      NaN                      NaN                      NaN                      NaN                      NaN                      NaN
0.9199999999999999        0                        NaN                      NaN                      NaN                      NaN                      NaN                      NaN                      NaN                      NaN
0.9300000000000002        0                        NaN                      NaN                      NaN                      NaN                      NaN                      NaN                      NaN                      NaN
0.94                      0                        NaN                      NaN                      NaN                      NaN                      NaN                      NaN                      NaN                      NaN
0.9500000000000002        0                        NaN                      NaN                      NaN                      NaN                      NaN                      NaN                      NaN                      NaN
0.96                      0                        NaN                      NaN                      NaN                      NaN                      NaN                      NaN                      NaN                      NaN
0.9700000000000002        0                        NaN                      NaN                      NaN                      NaN                      NaN                      NaN                      NaN                      NaN
0.98                      0                        NaN                      NaN                      NaN                      NaN                      NaN                      NaN                      NaN                      NaN
0.9900000000000002        0                        NaN                      NaN                      NaN                      NaN                      NaN                      NaN                      NaN                      NaN
1                         0                        NaN                      NaN                      NaN                      NaN                      NaN                      NaN                      NaN                      NaN
1.0100000000000002        0                        NaN                      NaN                      NaN                      NaN                      NaN                      NaN                      NaN                      NaN
1.02                      0                        NaN                      NaN                      NaN                      NaN                      NaN                      NaN                      NaN                      NaN
1.0300000000000002        0                        NaN                      NaN                      NaN                      NaN                      NaN                      NaN                      NaN                      NaN
1.04                      0                        NaN                      NaN                      NaN                      NaN                      NaN                      NaN                      NaN                      NaN
1.0500000000000003        0                        NaN                      NaN                      NaN                      NaN                      NaN                      NaN                      NaN                      NaN
1.06                      0                        NaN                      NaN                      NaN                      NaN                      NaN                      NaN                      NaN                      NaN
1.0700000000000003        0                        NaN                      NaN                      NaN                      NaN                      NaN                      NaN                      NaN                      NaN
1.08                      0                        NaN                      NaN                      NaN                      NaN                      NaN                      NaN                      NaN                      NaN
1.0899999999999999        0                        NaN                      NaN                      NaN                      NaN                      NaN                      NaN                      NaN                      NaN
1.1                       0                        NaN                      NaN                      NaN                      NaN                      NaN                      NaN                      NaN                      NaN
1.1099999999999999        0                        NaN                      NaN                      NaN                      NaN                      NaN                      NaN                      NaN                      NaN
1.12                      0                        NaN                      NaN                      NaN                      NaN                      NaN                      NaN                      NaN                      NaN
1.13                      0                        NaN                      NaN                      NaN                      NaN                      NaN                      NaN                      NaN                      NaN
1.1400000000000001        0                        NaN                      NaN                      NaN                      NaN                      NaN                      NaN                      NaN                      NaN
1.15                      0                        NaN                      NaN                      NaN                      NaN                      NaN                      NaN                      NaN                      NaN
1.1600000000000001        0                        NaN                      NaN                      NaN                      NaN                      NaN                      NaN                      NaN                      NaN
1.17                      0                        NaN                      NaN                      NaN                      NaN                      NaN                      NaN                      NaN                      NaN
1.1800000000000002        0                        NaN                      NaN                      NaN                      NaN                      NaN                      NaN                      NaN                      NaN
1.19                      0                        NaN                      NaN                      NaN                      NaN                      NaN                      NaN                      NaN                      NaN
1.2000000000000002        0                        NaN                      NaN                      NaN                      NaN                      NaN                      NaN                      NaN                      NaN
1.21                      0                        NaN                      NaN                      NaN                      NaN                      NaN                      NaN                      NaN                      NaN
1.2200000000000002        0                        NaN                      NaN                      NaN                      NaN                      NaN                      NaN                      NaN                      NaN
1.23                      0                        NaN                      NaN                      NaN                      NaN                      NaN                      NaN                      NaN                      NaN
1.2400000000000002        0                        NaN                      NaN                      NaN                      NaN                      NaN                      NaN                      NaN                      NaN
1.25                      0                        NaN                      NaN                      NaN                      NaN                      NaN                      NaN                      NaN                      NaN
1.2600000000000002        0                        NaN                      NaN                      NaN                      NaN                      NaN                      NaN                      NaN                      NaN
1.27                      0                        NaN                      NaN                      NaN                      NaN                      NaN                      NaN                      NaN                      NaN
1.2800000000000002        0                        NaN                      NaN                      NaN                      NaN                      NaN                      NaN                      NaN                      NaN
1.29                      0                        NaN                      NaN                      NaN                      NaN                      NaN                      NaN                      NaN                      NaN
1.3000000000000003        0                        NaN                      NaN                      NaN                      NaN                      NaN                      NaN                      NaN                      NaN
1.31                      0                        NaN                      NaN                      NaN                      NaN                      NaN                      NaN                      NaN                      NaN
1.3200000000000003        0                        NaN                      NaN                      NaN                      NaN                      NaN                      NaN                      NaN                      NaN
1.33                      0                        NaN                      NaN                      NaN                      NaN                      NaN                      NaN                      NaN                      NaN
1.3399999999999999        0                        NaN                      NaN                      NaN                      NaN                      NaN                      NaN                      NaN                      NaN
1.35                      0                        NaN                      NaN                      NaN                      NaN                      NaN                      NaN                      NaN                      NaN
1.3599999999999999        0                        NaN                      NaN                      NaN                      NaN                      NaN                      NaN                      NaN                      NaN
1.37                      0                        NaN                      NaN                      NaN                      NaN                      NaN                      NaN                      NaN                      NaN
1.38                      0                        NaN                      NaN                      NaN                      NaN                      NaN                      NaN                      NaN                      NaN
1.3900000000000001        0                        NaN                      NaN                      NaN                      NaN                      NaN                      NaN                      NaN                      NaN
1.4                       0                        NaN                      NaN                      NaN                      NaN                      NaN                      NaN                      NaN                      NaN
1.4100000000000001        0                        NaN                      NaN                      NaN                      NaN                      NaN                      NaN                      NaN                      NaN
1.42                      0                        NaN                      NaN                      NaN                      NaN                      NaN                      NaN                      NaN                      NaN
1.4300000000000002        0                        NaN                      NaN                      NaN                      NaN                      NaN                      NaN                      NaN                      NaN
1.44                      0                        NaN                      NaN                      NaN                      NaN                      NaN                      NaN                      NaN                      NaN
1.4500000000000002        0                        NaN                      NaN                      NaN                      NaN                      NaN                      NaN                      NaN                      NaN
1.46                      0                        NaN                      NaN                      NaN                      NaN                      NaN                      NaN                      NaN                      NaN
1.4700000000000002        0                        NaN                      NaN                      NaN                      NaN                      NaN                      NaN                      NaN                      NaN
1.48                      0                        NaN                      NaN                      NaN                      NaN                      NaN                      NaN                      NaN                      NaN
1.4900000000000002        0                        NaN                      NaN                      NaN                      NaN                      NaN                      NaN                      NaN                      NaN
1.5                       0                        NaN                      NaN                      NaN                      NaN                      NaN                      NaN                      NaN                      NaN
1.5100000000000002        0                        NaN                      NaN                      NaN                      NaN                      NaN                      NaN                      NaN                      NaN
1.52                      0                        NaN                      NaN                      NaN                      NaN                      NaN                      NaN                      NaN                      NaN
1.5300000000000002        0                        NaN                      NaN                      NaN                      NaN                      NaN                      NaN                      NaN                      NaN
1.54                      0                        NaN                      NaN                      NaN                      NaN                      NaN                      NaN                      NaN                      NaN
1.5500000000000003        0                        NaN                      NaN                      NaN                      NaN                      NaN                      NaN                      NaN                      NaN
1.56                      0                        NaN                      NaN                      NaN                      NaN                      NaN                      NaN                      NaN                      NaN
1.5700000000000003        0                        NaN                      NaN                      NaN                      NaN                      NaN                      NaN                      NaN                      NaN
1.58                      0                        NaN                      NaN                      NaN                      NaN                      NaN                      NaN                      NaN                      NaN
1.5899999999999999        0                        NaN                      NaN                      NaN                      NaN                      NaN                      NaN                      NaN                      NaN
1.6                       0                        NaN                      NaN                      NaN                      NaN                      NaN                      NaN                      NaN                      NaN
1.6099999999999999        0                        NaN                      NaN                      NaN                      NaN                      NaN                      NaN                      NaN                      NaN
1.62                      0                        NaN                      NaN                      NaN                      NaN                      NaN                      NaN                      NaN                      NaN
1.63                      0                        NaN                      NaN                      NaN                      NaN                      NaN                      NaN                      NaN                      NaN
1.6400000000000001        0                        NaN                      NaN                      NaN                      NaN                      NaN                      NaN                      NaN                      NaN
1.65                      0                        NaN                      NaN                      NaN                      NaN                      NaN                      NaN                      NaN                      NaN
1.6600000000000001        0                        NaN                      NaN                      NaN                      NaN                      NaN                      NaN                      NaN                      NaN
1.67                      0                        NaN                      NaN                      NaN                      NaN                      NaN                      NaN                      NaN                      NaN
1.6800000000000002        0                        NaN                      NaN                      NaN                      NaN                      NaN                      NaN                      NaN                      NaN
1.69                      0                        NaN                      NaN                      NaN                      NaN                      NaN                      NaN                      NaN                      NaN
1.7000000000000002        0                        NaN                      NaN                      NaN                      NaN                      NaN                      NaN                      NaN                      NaN
1.71                      0                        NaN                      NaN                      NaN                      NaN                      NaN                      NaN                      NaN                      NaN
1.7200000000000002        0                        NaN                      NaN                      NaN                      NaN                      NaN                      NaN                      NaN                      NaN
1.73                      0                        NaN                      NaN                      NaN                      NaN                      NaN                      NaN                      NaN                      NaN
1.7400000000000002        0                        NaN                      NaN                      NaN                      NaN                      NaN                      NaN                      NaN                      NaN
1.75                      0                        NaN                      NaN                      NaN                      NaN                      NaN                      NaN                      NaN                      NaN
1.7600000000000002        0                        NaN                      NaN                      NaN                      NaN                      NaN                      NaN                      NaN                      NaN
1.77                      0                        NaN                      NaN                      NaN                      NaN                      NaN                      NaN                      NaN                      NaN
1.7800000000000002        0                        NaN                      NaN                      NaN                      NaN                      NaN                      NaN                      NaN                      NaN
1.79                      0                        NaN                      NaN                      NaN                      NaN                      NaN                      NaN                      NaN                      NaN
1.8000000000000003        0                        NaN                      NaN                      NaN                      NaN                      NaN                      NaN                      NaN                      NaN
1.81                      0                        NaN                      NaN                      NaN                      NaN                      NaN                      NaN                      NaN                      NaN
1.8200000000000003        0                        NaN                      NaN                      NaN                      NaN                      NaN                      NaN                      NaN                      NaN
1.83                      0                        NaN                      NaN                      NaN                      NaN                      NaN                      NaN                      NaN                      NaN
1.8399999999999999        0                        NaN                      NaN                      NaN                      NaN                      NaN                      NaN                      NaN                      NaN
1.85                      0                        NaN                      NaN                      NaN                      NaN                      NaN                      NaN                      NaN                      NaN
1.8599999999999999        0                        NaN                      NaN                      NaN                      NaN                      NaN                      NaN                      NaN                      NaN
1.87                      0                        NaN                      NaN                      NaN                      NaN                      NaN                      NaN                      NaN                      NaN
1.88                      0                        NaN                      NaN                      NaN                      NaN                      NaN                      NaN                      NaN                      NaN
1.8900000000000001        0                        NaN                      NaN                      NaN                      NaN                      NaN                      NaN                      NaN                      NaN
1.9                       0                        NaN                      NaN                      NaN                      NaN                      NaN                      NaN                      NaN                      NaN
1.9100000000000001        0                        NaN                      NaN                      NaN                      NaN                      NaN                      NaN                      NaN                      NaN
1.92                      0                        NaN                      NaN                      NaN                      NaN                      NaN                      NaN                      NaN                      NaN
1.9300000000000002        0                        NaN                      NaN                      NaN                      NaN                      NaN                      NaN                      NaN                      NaN
1.94                      0                        NaN                      NaN                      NaN                      NaN                      NaN                      NaN                      NaN                      NaN
1.9500000000000002        0                        NaN                      NaN                      NaN                      NaN                      NaN                      NaN                      NaN                      NaN
1.96                      0                        NaN                      NaN                      NaN                      NaN                      NaN                      NaN                      NaN                      NaN
1.9700000000000002        0                        NaN                      NaN                      NaN                      NaN                      NaN                      NaN                      NaN                      NaN
1.98                      0                        NaN                      NaN                      NaN                      NaN                      NaN                      NaN                      NaN                      NaN
1.9900000000000002        0                        NaN                      NaN                      NaN                      NaN                      NaN                      NaN                      NaN                      NaN
2                         0                        NaN                      NaN                      NaN                      NaN                      NaN                      NaN                      NaN                      NaN
