% Model:              C1fullScalePeEpsMin1.mph
% Version:            COMSOL 5.6.0.280
% Date:               May 4 2021, 11:01
% Dimension:          2
% Nodes:              401
% Expressions:        6
% Description:        Velocity field, x component, Velocity field, y component, Dependent variable u2, Gradient of u2, x component, Gradient of u2, y component, 
% Length unit:        m
% x                       y                        u (m/s)                  v (m/s)                  u2 (1)                   u2x (1/m)                u2y (1/m)                -u*u2+u2x
-2                        0                        1.4993174364407524       6.311045701541853E-11    0.9501267875471724       -0.01852255313992786     -6.894241350639703E-8    -1.4430642125388418
-1.99                     0                        1.4993174670584013       8.245407151579204E-11    0.9499415795718879       -0.018519059145476743    -1.4277329647747013E-8   -1.4427830620826563
-1.98                     0                        1.4993175008351372       1.47973885758913E-10     0.9497564067065307       -0.01851545431144816     9.63477659158534E-10     -1.442501856416844
-1.97                     0                        1.4993175381346253       1.4445131945962624E-10   0.9495712693846653       -0.01851199296861493     -2.6912199046289368E-8   -1.4422208508658023
-1.96                     0                        1.4993175790357058       1.3662536829179095E-10   0.949386167224019        -0.018508387971537275    -4.726727859702837E-8    -1.4419397577838413
-1.95                     0                        1.4993176241179598       1.789014587898684E-10    0.9492011012192942       -0.018504835376468895    -2.134256996747718E-8    -1.4416587752667323
-1.94                     0                        1.4993176738464824       1.8405860172895733E-10   0.9490160704126308       -0.018501166020724415    -3.278470765945461E-7    -1.4413777331547195
-1.93                     0                        1.4993177283159294       9.163360252041394E-11    0.9488310748766235       -0.018497777393719356    -2.8007598998624607E-8   -1.4410970291333
-1.92                     0                        1.4993177880291457       8.133270189433418E-11    0.9486461145158015       -0.018494275735401515    -1.0896059587360467E-7   -1.4408162697736766
-1.91                     0                        1.4993178532382574       2.1154801635386885E-10   0.9484611898104514       -0.018490669720563298    -8.194638771741721E-8    -1.4405354647069726
-1.9                      0                        1.4993179250215956       1.7119353449441055E-10   0.9482763007179988       -0.018487154756791194    -1.0817763197153665E-8   -1.4402548102964559
-1.89                     0                        1.4993180033455948       7.279761357752902E-11    0.9480914468085324       -0.01848365472260855     6.356950977484376E-8     -1.4399742297406137
-1.88                     0                        1.4993180888275985       1.7705964535728224E-10   0.9479066280776215       -0.018480103988283068    4.4264945945442954E-8    -1.4396936579846358
-1.87                     0                        1.4993181822290949       1.6092649743913126E-10   0.9477218447969378       -0.018476545355115295    1.1838685748124541E-8    -1.4394131389548643
-1.8599999999999999       0                        1.499318283873537        1.9508816082424657E-10   0.9475370968612864       -0.018473030721476626    5.1888457412322666E-8    -1.439132724694054
-1.85                     0                        1.49931839475452         1.5880062057020716E-10   0.947352384158612        -0.018469516540973042    5.9302266896839074E-9    -1.4388523724245303
-1.84                     0                        1.4993185154619577       1.559416363007518E-10    0.9471677065824518       -0.01846595829758077     2.0592212482102693E-8    -1.4385720380242895
-1.83                     0                        1.4993186466559851       1.1545247913509806E-10   0.9469830643318878       -0.018462479775761417    -3.703840882756973E-8    -1.438291846195985
-1.82                     0                        1.4993187889093484       1.572144237825707E-10    0.9467984572086466       -0.018458939683638053    -3.391013145269759E-8    -1.4380116558869458
-1.81                     0                        1.4993189438530876       1.32761034613942E-10     0.9466138852080048       -0.018455482404583858    1.3545840632013023E-8    -1.4377316130113176
-1.8                      0                        1.4993191117737177       1.5498554554256837E-10   0.9464293485191073       -0.018451908146550646    -1.0870253011454046E-7   -1.437451518324797
-1.79                     0                        1.499319293860371        4.925139930948665E-10    0.9462448467269171       -0.018448446407314894    -5.884608711632207E-8    -1.4371716018209313
-1.78                     0                        1.499319491190613        7.21856181275373E-11     0.9460603796686421       -0.018444961363634403    -9.149882634320155E-8    -1.436891728444021
-1.77                     0                        1.4993197043600723       -5.6701213254965E-11     0.9458759474828475       -0.01844146039989793     2.2197529147325774E-8    -1.4366119063411842
-1.76                     0                        1.4993199348714168       1.0254468351919445E-10   0.9456915501928196       -0.018437988177186834    7.411628654720222E-8     -1.4363321816207342
-1.75                     0                        1.4993201839814707       -2.4556411708020787E-10  0.9455071878703492       -0.01843447741737037     3.2664771082408184E-8    -1.4360524882909453
-1.74                     0                        1.499320453432322        6.604260950351012E-11    0.9453228603430884       -0.018431024103032653    -5.834727474763727E-8    -1.4357729237125714
-1.73                     0                        1.4993207434838165       -7.859412137614266E-10   0.9451385674855537       -0.018427557165818027    -7.688896274649723E-8    -1.4354934168634879
-1.72                     0                        1.4993210566215525       3.907121854533066E-11    0.9449543090663572       -0.018424134019156657    2.8349552217231322E-8    -1.4352140271476164
-1.71                     0                        1.499321393803913        -7.341352596038282E-10   0.9447700852111914       -0.018420672330274255    -4.6799586810639815E-8   -1.4349346733133594
-1.7                      0                        1.4993217563616075       -3.90250208161704E-10    0.9445858956192132       -0.018417238632841542    -7.427157695334968E-8    -1.4346554226870425
-1.69                     0                        1.4993221472132323       -5.376081942724927E-10   0.9444017404744369       -0.018413831453562804    1.759868061398745E-8     -1.4343762768136095
-1.68                     0                        1.499322566343508        -3.065850206840348E-10   0.9442176193869801       -0.01841038035306462     5.75881045884102E-8      -1.4340971646391092
-1.67                     0                        1.499323016470288        -3.886325874480292E-10   0.9440335327182886       -0.018406964883774447    4.30419602984581E-8      -1.4338181688080611
-1.66                     0                        1.4993235003557743       -4.259375254368707E-10   0.9438494800158654       -0.018403549748634996    3.306250371885312E-8     -1.4335392559349998
-1.65                     0                        1.4993240182660668       -7.212976379224821E-10   0.9436654609632197       -0.018400228853443248    -2.5351843197948513E-8   -1.433260519683718
-1.6400000000000001       0                        1.499324573915933        -1.0106582101743351E-9   0.9434814755294052       -0.018396843099621106    1.2253657263943715E-7    -1.4329818043953224
-1.63                     0                        1.4993251685686713       -1.1043600285175197E-9   0.9432975236687299       -0.01839351251851104     -2.973041510703064E-8    -1.4327032312035397
-1.62                     0                        1.499325803968576        -1.6485871873858901E-9   0.9431136050363393       -0.0183902053147554      -7.627837065248921E-8    -1.4324247694195669
-1.6099999999999999       0                        1.4993264818051086       -1.1810897481496415E-9   0.9429297198302794       -0.018386841888202787    -5.1573808004858185E-8   -1.4321463413108124
-1.6                      0                        1.4993272081815694       -9.499521470101163E-10   0.9427458678231566       -0.018383575965401324    -8.28720737742067E-9     -1.4318681059934057
-1.5899999999999999       0                        1.4993279834782622       -1.2498760208360096E-9   0.9425620485731411       -0.018380337561774412    1.1280567989148886E-8    -1.431589993152082
-1.58                     0                        1.4993288077895008       -1.463471330057982E-9    0.9423782618488513       -0.018377047105035692    4.017124741473491E-8     -1.431311922929616
-1.57                     0                        1.4993296866835037       -1.4328630754013758E-9   0.942194507438994        -0.018373840181841957    -5.445879213812626E-9    -1.431034035815267
-1.56                     0                        1.499330621878278        -1.6919601805321096E-9   0.9420107851279896       -0.018370631134860024    -1.8627511474360372E-7   -1.4307562474168536
-1.55                     0                        1.4993316159696521       -2.2952748818051016E-9   0.9418270949594506       -0.018367431987584334    3.45841358457836E-8      -1.4304785722371405
-1.54                     0                        1.499332670838453        -2.7350543361363526E-9   0.9416434362738618       -0.01836430201592545     -4.062845570089049E-8    -1.4302010703019132
-1.53                     0                        1.4993337900869907       -2.7164354114557355E-9   0.9414598086620775       -0.01836119357743106     -2.53557784520389E-8     -1.4299236967133169
-1.52                     0                        1.4993349771522393       -2.301681670493717E-9    0.9412762121939997       -0.018358106810735162    -5.0027270266524305E-8   -1.4296464549145722
-1.51                     0                        1.4993362335922755       -3.631026843645712E-9    0.9410926464413943       -0.018355035681078713    -4.673824403091832E-8    -1.429369339657906
-1.5                      0                        1.499337563986779        -3.515885063766521E-9    0.9409091108230745       -0.018352068179518517    -4.094634645903182E-9    -1.4290924423339533
-1.49                     0                        1.499338967355957        -3.3686119883263075E-9   0.9407256049481557       -0.01834910384182561     2.3483777484996505E-9    -1.4288156609301013
-1.48                     0                        1.4993404453606483       -3.0835172817715988E-9   0.9405421287391997       -0.018346149393223557    2.5418053101215507E-8    -1.4285390035775074
-1.47                     0                        1.499342005606958        -3.039106593523259E-9    0.9403586816505934       -0.018343298251114033    3.124206477695722E-8     -1.4282625699870297
-1.46                     0                        1.4993436462795484       -3.805326265826248E-9    0.9401752629368538       -0.018340462829132497    3.193617823436622E-8     -1.4279862697027081
-1.45                     0                        1.4993453722929813       -5.616768521784075E-9    0.9399918722914876       -0.01833766249794065     6.574517462873184E-8     -1.4277101262111975
-1.44                     0                        1.4993471833297676       -6.6420468262880266E-9   0.9398085090162941       -0.018335059829635077    -8.005902115014629E-8    -1.427434300692564
-1.43                     0                        1.4993490806373369       -6.482987322210345E-9    0.9396251721999066       -0.018332353041143435    -9.12819710595977E-8     -1.4271584911227728
-1.42                     0                        1.4993510630106168       -6.825710922292164E-9    0.9394418616328085       -0.01832976601690248     -9.403502561970542E-8    -1.4268829198927266
-1.4100000000000001       0                        1.499353136841982        -6.340314065792857E-9    0.9392585765566044       -0.018327239490384343    -6.163474227495273E-8    -1.426607532556264
-1.4                      0                        1.499355295406115        -7.332566576473143E-9    0.9390753160810466       -0.018324835855347558    -7.914165979903048E-8    -1.426332383806636
-1.3900000000000001       0                        1.4993575401758685       -7.57539148338299E-9     0.9388920795635087       -0.018322494731479694    -7.193085718750499E-8    -1.4260574136364281
-1.38                     0                        1.4993598725727237       -7.931360750244076E-9    0.9387088662300034       -0.018320216438832394    -5.5630622813587794E-8   -1.4257826224923362
-1.37                     0                        1.4993622875548123       -7.918461492808082E-9    0.9385256749939918       -0.018318046653247766    -1.5516982093951826E-8   -1.4255080496411636
-1.3599999999999999       0                        1.4993647857736379       -8.345901338029434E-9    0.9383425047703866       -0.018316010808931266    -2.4094296295066788E-8   -1.4252337194562807
-1.35                     0                        1.4993673567089536       -9.226960595233902E-9    0.938159354541621        -0.018314041828255145    -1.8140508939787865E-8   -1.4249595534191035
-1.3399999999999999       0                        1.4993700001582224       -8.569494844786349E-9    0.9379762233316002       -0.018312224287988604    1.4494752743299724E-8    -1.424685634413099
-1.33                     0                        1.4993727075606018       -1.0929636273184628E-8   0.9377931096515956       -0.01831052910058778     2.1045218293252677E-8    -1.424411923050577
-1.3199999999999998       0                        1.4993754694425767       -8.104666131084666E-9    0.937610012281335        -0.018308970312281035    3.192339919454577E-8     -1.4241384226306677
-1.31                     0                        1.4993782767100268       -1.2265525276110253E-8   0.9374269299987927       -0.018307523831779318    5.202358043589101E-8     -1.4238650986749402
-1.2999999999999998       0                        1.4993811151995011       -1.2526805586874673E-8   0.9372438613128018       -0.018306247552657612    3.469717654386259E-8     -1.423591993541733
-1.29                     0                        1.4993839798143263       -1.0987080501433E-8      0.937060804420006        -0.01830518243454667     6.84295933803484E-8      -1.4233191406938293
-1.28                     0                        1.4993868418693146       -1.369710260843188E-8    0.9368777573613082       -0.01830427515403861     1.0697268295646194E-8    -1.4230464569816164
-1.27                     0                        1.4993896892164138       -1.582804204156237E-8    0.9366947182321091       -0.018303525875585775    2.513753101340378E-7     -1.4227739283362841
-1.26                     0                        1.4993925010008855       -1.2585662563425558E-8   0.9365116855939699       -0.018303035163040517    4.858831993802962E-9     -1.422501633642338
-1.25                     0                        1.4993952411349005       -1.4420515069966936E-8   0.9363286566894526       -0.018302777480950876    -4.3613605778385624E-8   -1.42222950945935
-1.24                     0                        1.4993978969336144       -1.8335726617313104E-8   0.9361456292383487       -0.018302734172387904    -3.723100258496014E-8    -1.4219575218759628
-1.23                     0                        1.4994004168826633       -1.3022847632874655E-8   0.9359626009483818       -0.018302965843905353    -6.507864557600413E-8    -1.4216856798924908
-1.22                     0                        1.4994027790272357       -2.254502414887526E-8    0.9357795690166115       -0.018303463616300794    -3.440638121882916E-8    -1.421413949956717
-1.21                     0                        1.4994049306050214       -1.5627386900652488E-8   0.9355965305585113       -0.018304278611022698    -3.4985469599549295E-8   -1.4211423295874064
-1.2                      0                        1.499406829158111        -2.4977844265194062E-8   0.9354134824941351       -0.018305390289869054    -1.3668958622695958E-8   -1.4208707540281464
-1.19                     0                        1.4994084085590311       -2.5989814498615606E-8   0.9352304215474351       -0.018306857981943737    1.9884738388615118E-8    -1.420599215990375
-1.18                     0                        1.4994096223592581       -1.4102283663170353E-8   0.9350473438273366       -0.018308739599597917    -1.4506210028052962E-8   -1.4203277242957721
-1.17                     0                        1.4994103878693779       -3.277495422344606E-8    0.934864245444037        -0.018310988841035273    6.387518585220161E-8     -1.4200561497074922
-1.1600000000000001       0                        1.4994106490564478       -2.3305678698251806E-8   0.9346811224946863       -0.018313688199457195    -5.408816409058447E-8    -1.419784516740024
-1.15                     0                        1.4994103019015004       -2.546681326923853E-8    0.934497970042778        -0.018316870319937378    -1.2658968515858878E-7   -1.4195127537081185
-1.1400000000000001       0                        1.4994092674868622       -2.0880076784734445E-8   0.9343147839859932       -0.018320488000846725    -5.153089687094074E-8    -1.4192407338594306
-1.13                     0                        1.4994074458186322       -3.624697142341518E-8    0.9341315583355723       -0.018324659347043755    8.928200655536267E-8     -1.4189684732895629
-1.12                     0                        1.4994046528681562       -9.326607291045E-9       0.9339482881075433       -0.018329484009247592    -2.0160005577010604E-8   -1.4186958927359472
-1.1099999999999999       0                        1.4994008322078711       -5.416650034854719E-8    0.9337649666097146       -0.018334907846259307    -1.0745913194530721E-8   -1.4184228758674204
-1.1                      0                        1.4993958084641739       -1.451293034321397E-8    0.9335815876428931       -0.01834100381013885     -9.10617943395044E-9     -1.4181493231812214
-1.0899999999999999       0                        1.4993894723402628       -6.59911579718097E-8     0.9333981443414061       -0.018347781857022103    2.6348036152410738E-8    -1.4178751329844634
-1.08                     0                        1.4993815821501884       -1.0319467808870305E-9   0.9332146291281611       -0.01835540171967298     2.5686333358556563E-8    -1.4176002288275564
-1.0699999999999998       0                        1.4993719822981562       -7.456472176951417E-8    0.9330310335582832       -0.018363871524993556    1.2433082913985513E-8    -1.4173244618569742
-1.06                     0                        1.4993604964928373       -2.2716639613785205E-8   0.9328473491302679       -0.018373160989437975    -1.4991764708313748E-9   -1.4170476255334237
-1.0499999999999998       0                        1.499346766069697        -1.5429859522232338E-8   0.9326635665425821       -0.018383533514890936    -2.5232485504709978E-9   -1.4167696358415411
-1.04                     0                        1.4993306321513964       -8.383838931793903E-8    0.93247967515644         -0.01839491355489132     -9.11601588159363E-9     -1.4164902543755253
-1.03                     0                        1.499311780961731        -8.85994326826795E-8     0.9322956641370925       -0.0184074827968587      3.5104851952090295E-9    -1.4162093553771427
-1.02                     0                        1.499290043775345        -1.3694658446941806E-8   0.9321115216368939       -0.01842121894635991     -2.0982395642209315E-8   -1.415926743024842
-1.01                     0                        1.4992648879699744       -1.0056845091101355E-7   0.9319272350975095       -0.01843632302644301     1.4515673163703119E-8    -1.4156421047510785
-1                        0                        1.4992360228741082       -3.704290979343671E-8    0.9317427903651249       -0.01845290415072192     -5.1074227687306774E-8   -1.4153552595193557
-0.99                     0                        1.4992029267500206       -1.0033327715393556E-7   0.9315581722882296       -0.018470994000093586    8.103444506440138E-9     -1.4150657323325073
-0.98                     0                        1.4991655226350356       -5.47579394836614E-9     0.9313733649926937       -0.018490737545317448    3.351901569346686E-8     -1.4147735750429409
-0.97                     0                        1.499123092621091        -1.3017305131204335E-7   0.9311883514768752       -0.018512303412947382    1.1588650751757091E-8    -1.4144782646916958
-0.96                     0                        1.4990748285281619       -5.6061710409153173E-8   0.9310031124314766       -0.018535803585669208    8.043537337815125E-8     -1.41417913471307
-0.95                     0                        1.4990206326853106       -5.757497952936502E-8    0.9308176271759667       -0.018561511545731463    -2.220039775421684E-8    -1.4138763399496885
-0.94                     0                        1.4989597489618558       5.803457009806246E-8     0.9306318740815668       -0.01858950300344533     -7.725466076739896E-8    -1.413569223352652
-0.9299999999999999       0                        1.498891582685372        -7.665303121296747E-8    0.9304458290564328       -0.018619925142293155    -4.9453256695219194E-8   -1.4132573464596927
-0.9199999999999999       0                        1.4988150937901077       5.0811724625158434E-8    0.930259466508716        -0.01865307846261367     5.1615982960321556E-9    -1.4129400080070105
-0.9099999999999999       0                        1.498729985053084        -1.3974686079617035E-7   0.930072758131997        -0.01868909250183204     3.96877370236659E-8      -1.4126170233952804
-0.8999999999999999       0                        1.4986350180270842       -1.0280012476729768E-7   0.9298856739613156       -0.018728305129173305    2.875986029527444E-8     -1.4122875388893168
-0.8899999999999999       0                        1.4985291417419206       -1.0089087807177825E-7   0.9296981807727466       -0.018770878217649698    5.422523405956603E-8     -1.4119506951300587
-0.8799999999999999       0                        1.498411866505886        -2.110221195139874E-7    0.9295102425410928       -0.018817350847176506    -7.212291747697853E-8    -1.4116065283095143
-0.8699999999999999       0                        1.4982818975798533       -7.388730628233726E-8    0.9293218207436382       -0.01886772848017109     -2.5266159488979276E-8   -1.4112537895263135
-0.8599999999999999       0                        1.498138053948131        1.0592427577343273E-7    0.9291328729991748       -0.01892255582261658     1.1874853510671088E-8    -1.4108918700368362
-0.8499999999999999       0                        1.497978883219362        -2.832972011635871E-7    0.9289433536141191       -0.018982145580468717    3.8829545526669226E-8    -1.4105196730013956
-0.8400000000000001       0                        1.4978034343975772       -1.3541241101464444E-7   0.9287532127705915       -0.019046952192113477    3.726697344201594E-8     -1.4101367039876893
-0.8300000000000001       0                        1.4976101400671855       -2.797472785894148E-7    0.9285623958461545       -0.01911733892997161     8.213207570552386E-8     -1.4097417986342524
-0.8200000000000001       0                        1.4973973493970298       -2.9074824934719815E-7   0.9283708438380397       -0.01919409330709726     -2.3537565175431356E-9   -1.409334134127662
-0.81                     0                        1.4971631367933589       -1.8659122187931932E-7   0.9281784913070901       -0.019277547104456266    -4.845306301487082E-8    -1.4089121686539066
-0.8                      0                        1.4969062916938076       1.250185822564354E-7     0.9279852687436212       -0.019368266511533158    7.433397471738755E-9     -1.4084752538930285
-0.79                     0                        1.4966238318962162       -7.344817025971222E-8    0.927791098747886        -0.019467160969259427    -3.6363029644380585E-8   -1.4080214303765213
-0.78                     0                        1.496315469872241        -4.6743110846864003E-7   0.927595896565652        -0.01957477743088696     1.9129734471890467E-8    -1.4075508672520831
-0.77                     0                        1.4959775206021515       2.984646176937661E-7     0.9273995703896052       -0.019692159788312506    5.273865380113905E-11    -1.4070610697072545
-0.76                     0                        1.4956082872805823       -6.339367404281351E-7    0.9272020189275552       -0.019819991156072882    3.923637821969218E-8     -1.4065510146474116
-0.75                     0                        1.4952047930016232       -3.627319134076372E-7    0.9270031309918807       -0.019959599020363643    3.153779390649929E-8     -1.4060191236069353
-0.74                     0                        1.494764246525998        1.07579093923918E-7      0.9268027850568445       -0.02011186357153203     1.4049725168883107E-8    -1.4054635302552227
-0.73                     0                        1.4942844697488509       1.8449934223760824E-7    0.9266008465000823       -0.02027825308599646     8.711791737713164E-10    -1.4048835076672084
-0.72                     0                        1.4937616441194168       -4.928497532157929E-7    0.9263971683543571       -0.020460022263422913    1.7796155579152472E-7    -1.4042765795719996
-0.71                     0                        1.4931913544711908       -8.172962092935025E-7    0.9261915880581507       -0.02065907348363728     -1.775065552961876E-7    -1.4036403453560107
-0.7                      0                        1.4925730868519131       -3.154318948131527E-7    0.9259839256189961       -0.02087684280725785     -9.078639754840128E-8    -1.4029755290436552
-0.69                     0                        1.491900658779955        -4.59468136015452E-7     0.9257739839153614       -0.021115305524732314    -4.986590503398902E-9    -1.4022781220094036
-0.6799999999999999       0                        1.4911717292319215       -9.53164864552457E-8     0.9255615425013085       -0.02137682307425614     -1.163675767209333E-8    -1.401548028916497
-0.6699999999999999       0                        1.4903811859009732       7.221048393496508E-7     0.925346359836077        -0.02166405626756978     -5.4273738195266925E-8   -1.400782861409211
-0.6599999999999999       0                        1.4895251595332542       -5.668085481366825E-7    0.9251281655926378       -0.021979622291246653    2.3626737749154944E-9    -1.3999813007343274
-0.6499999999999999       0                        1.488598002281378        1.3226100540164063E-6    0.9249066618845391       -0.02232656807370155     7.618521059207154E-8     -1.3991407772517643
-0.6399999999999999       0                        1.4875950414866779       2.5997819770556256E-8    0.9246815156237613       -0.022708823831964365    -4.584834557778471E-8    -1.3982604614282579
-0.6299999999999999       0                        1.4865137375515498       3.5691845915739976E-7    0.9244523573307136       -0.02312971382915773     -3.133894410756259E-8    -1.3973408427131777
-0.6199999999999999       0                        1.485342030587307        -2.2082701984796775E-8   0.9242187736019553       -0.02359458182925526     3.4087074565752195E-8    -1.3963755717180941
-0.6099999999999999       0                        1.4840796048524962       9.728647009265298E-8     0.9239803050914656       -0.024107557538072272    -4.6904168188182896E-8   -1.3953678836097034
-0.5999999999999999       0                        1.4827201528310057       1.4688806211345223E-6    0.9237364383517841       -0.024675572310247598    -7.133975144505055E-8    -1.3943182053587737
-0.5900000000000001       0                        1.4812580620227718       -1.9674526092067156E-6   0.9234865944624254       -0.025303863446922814    5.29490895665935E-8      -1.3932258266643442
-0.5800000000000001       0                        1.479683139671223        1.1715495863619037E-6    0.9232301324296063       -0.02600070777374593     -1.5666203044659577E-7   -1.3920887687662646
-0.5700000000000001       0                        1.4779886116236107       -2.3659734757859033E-6   0.9229663259007514       -0.026774009288707008    -1.193086742975561E-7    -1.3909077278821036
-0.56                     0                        1.4761700088184109       3.330331231802056E-6     0.9226943656341964       -0.027633442746697046    -1.3275989509119498E-7   -1.3896871926016268
-0.55                     0                        1.4742203898661754       -7.904589181534755E-7    0.9224133354631838       -0.028589306592780975    1.4865840522165547E-7    -1.388429853617075
-0.54                     0                        1.4721258659163596       -7.02705980194517E-7     0.9221222125738768       -0.02965470548389732     -1.2821503370642545E-7   -1.3871346661499253
-0.53                     0                        1.4698866866339204       -9.763216528957092E-7    0.9218198345731925       -0.03084281750260078     -1.4320829572049682E-7   -1.3858135198168193
-0.52                     0                        1.4674897436967502       -4.405339477752366E-7    0.9215049080639269       -0.032168525210653554    1.0749815267667642E-7    -1.3844675265606832
-0.51                     0                        1.464923891933224        9.195330598531057E-7     0.9211759432517762       -0.03365047807964803     -3.3606600666248774E-7   -1.3831031260232987
-0.5                      0                        1.4621840526000933       -1.51374131400735E-7     0.920831295114598        -0.03530857386468476     -2.375189917426978E-7    -1.3817334087163402
-0.49                     0                        1.4592598493955529       -1.0251875077850414E-6   0.9204690863689762       -0.03716943551730641     3.202374144303966E-7     -1.3803730158653609
-0.48                     0                        1.4561466302289463       -1.7293931565425523E-7   0.9200871769025984       -0.0392529261510648      8.170087093858532E-7     -1.379034768314648
-0.47                     0                        1.4528318183384177       -1.2788656896920288E-6   0.9196831815335705       -0.041590500663507154    -6.074229333300777E-8    -1.3777354895861855
-0.45999999999999996      0                        1.4493005263429548       4.362484489784365E-7     0.9192543685047861       -0.044222773887448594    2.114246304503536E-8     -1.3764986140044957
-0.44999999999999996      0                        1.445551361992622        4.3847858148507394E-7    0.9187976646543203       -0.04717694358669119     3.069012405567297E-8     -1.3753461591233842
-0.43999999999999995      0                        1.4415684786921583       5.7535601416187E-7       0.9183095878196178       -0.050505857250354426    -7.56501191231701E-7     -1.374312012731904
-0.42999999999999994      0                        1.437353401329975        -1.1300151720996767E-6   0.9177861614714602       -0.054252959460687235    -1.0664946717102448E-7   -1.3734360203452722
-0.41999999999999993      0                        1.4328864130848646       -1.1187095587478665E-6   0.9172229365362009       -0.058479013211110015    5.647235433525702E-7     -1.3727552967436334
-0.4099999999999999       0                        1.4281556554813168       -2.001489018927998E-6    0.9166148058356769       -0.06324048641159785     1.4745036010770894E-6    -1.3723091052637288
-0.3999999999999999       0                        1.423165496220298        -2.337060969486999E-6    0.9159560403348428       -0.06861998585055439     1.4503488073801874E-7    -1.37217701850967
-0.3899999999999999       0                        1.4178979686861335       2.0290313987283617E-6    0.9152400794554261       -0.07468817356224568     4.414017175875075E-8     -1.37240522308223
-0.3799999999999999       0                        1.4123458777451667       -2.30733681839315E-6     0.9144595810504991       -0.08154847661871173     -2.443982390540041E-7    -1.3730816962799564
-0.3699999999999999       0                        1.406511304067631        8.778484898736842E-7     0.9136061274725692       -0.08930535647996238     -3.7544222220286624E-7   -1.374302702235584
-0.3599999999999999       0                        1.4003823522076524       -1.1193576533779413E-6   0.9126702898394109       -0.09805267224956292     -7.093519326120241E-8    -1.376140039524917
-0.34999999999999987      0                        1.3939468966465032       -1.842198497124816E-8    0.9116412640196108       -0.10794276755097687     4.1194276861684047E-7    -1.3787222783860087
-0.33999999999999986      0                        1.3872032904259803       1.2067711117813163E-6    0.9105069933854497       -0.11912920087259296     -8.498687736104862E-7    -1.3821874980527553
-0.33000000000000007      0                        1.380158241301584        -1.0131315260809405E-6   0.9092536861395795       -0.13178617264505893     2.7704569338611066E-8    -1.3867001410044433
-0.32000000000000006      0                        1.37280965284015         -6.670290145048518E-7    0.9078658857209339       -0.14606949932055066     -8.676202368407219E-7    -1.3923965507225213
-0.31000000000000005      0                        1.3651534271969823       1.404236476536883E-6     0.9063260714108687       -0.16222571921401274     6.770333782589548E-7     -1.399499861758537
-0.30000000000000004      0                        1.3571854034540778       -3.0396399017723376E-6   0.904614458879611        -0.18046650362191605     -7.899436058769861E-8    -1.408196042966833
-0.29000000000000004      0                        1.3489163615207347       8.784212562847487E-7     0.9027089039016963       -0.20107852170006923     -3.0180949386324096E-7   -1.418757331863516
-0.28                     0                        1.3403634169619032       -5.556489383983322E-8    0.900584161890695        -0.22433496416567808     -2.4966481552331598E-8   -1.4314450286592617
-0.27                     0                        1.331525874618728        2.1542264919134255E-7    0.8982122667205351       -0.2505903799089287      9.186840460514422E-7     -1.4465832539472594
-0.26                     0                        1.322405583690172        -1.930082277776705E-6    0.8955613314150787       -0.2802093800514581      6.175564898198322E-6     -1.4645046852517627
-0.25                     0                        1.3130341405145278       -2.4287844540084946E-6   0.8925959724484877       -0.3135581999288563      -2.244518085892886E-6    -1.4855671854394854
-0.24                     0                        1.3034322756941825       1.5374656001863733E-6    0.8892761702097646       -0.3511365460103715      1.9714917738349867E-6    -1.5102478082674922
-0.22999999999999998      0                        1.2936144675742267       -2.771233692503538E-6    0.8855574157856777       -0.3934436932643148      7.85797010989879E-7      -1.5390135781923124
-0.21999999999999997      0                        1.2836103461574415       1.0698060427438654E-6    0.8813897097773722       -0.4410293821497755      6.31230565552079E-7      -1.5723903326167152
-0.20999999999999996      0                        1.2734606038325689       -1.3252082957096026E-6   0.8767172999514125       -0.49449793327333336     -1.1600998791611067E-6   -1.6109628754599186
-0.19999999999999996      0                        1.2632025657703676       -3.818706582090366E-6    0.8714779025800651       -0.5545320785076354      -1.2074288328263072E-6   -1.655385201058952
-0.18999999999999995      0                        1.252896071914373        3.728991300594642E-6     0.865602190582788        -0.6218866234556303      -6.543217157224462E-7    -1.7063962078772819
-0.17999999999999994      0                        1.2426156046584649       7.463660997963643E-7     0.8590130269214421       -0.6973729194953018      -2.282239423938432E-6    -1.7647959113527878
-0.16999999999999993      0                        1.2324562280166265       5.559128301463823E-6     0.851624764025443        -0.781865598952938       4.231182492473173E-7     -1.831455843309285
-0.15999999999999992      0                        1.2225591066222357       4.11175326241045E-6      0.8433424720840162       -0.8763367858361167      -4.0553316000564503E-7   -1.9073728050837393
-0.1499999999999999       0                        1.213156838303584        8.300480636660644E-6     0.834061391239503        -0.9818047262450601      2.334872001982717E-6     -1.993652006592264
-0.1399999999999999       0                        1.204556507219884        1.3098135315905139E-5    0.8236662711064064       -1.0993231219040287      -3.2989273374043124E-6   -2.0914756885427876
-0.1299999999999999       0                        1.1973192595559894       -3.0900615382622917E-6   0.8120311865363384       -1.2299697860096572      1.4446553078313238E-6    -2.2022303650097177
-0.11999999999999988      0                        1.192277922430348        5.534725851400709E-5     0.799019847852945        -1.3747295292374317      2.0134777575483805E-6    -2.3273832534161536
-0.10999999999999988      0                        1.1908520392137651       1.0837694856834236E-5    0.7844867978554421       -1.534418854691987       5.877072766300024E-6     -2.468626557654417
-0.09999999999999987      0                        1.1952557010143716       -4.293252365391065E-6    0.7682801495544469       -1.7094673326089276      4.6609270854567824E-6    -2.6277585613400545
-0.08999999999999986      0                        1.208942124805959        -5.543823914471935E-6    0.7502466535874369       -1.8996782086614992      -2.1395444534242642E-5   -2.8066829921780556
-0.08000000000000007      0                        1.2373095055263554       -5.613772831063215E-6    0.7302402401489204       -2.103736719610904       -5.349718283504885E-6    -3.0072699100650118
-0.07000000000000006      0                        1.288444025618826        1.131924015989822E-5     0.7081353960620399       -2.3186873718538257      1.8460076932470762E-6    -3.2310801922391823
-0.06000000000000005      0                        1.372514442438281        4.188265605135158E-6     0.6838481518211088       -2.5390058154136743      1.8160454971173335E-5    -3.4775972802228723
-0.050000000000000044     0                        1.5013019088328257       -1.1016075061706377E-5   0.6573693321560691       -2.7549054504127506      -1.5003190271928737E-5   -3.741815283586817
-0.040000000000000036     0                        1.681714352309464        1.2911676034343408E-5    0.6288232203868236       -2.9484891349728035      7.037068376907462E-6     -4.005990169762782
-0.030000000000000027     0                        1.9026344399912702       -2.790566448400868E-6    0.5985831217392729       -3.0861171379150623      2.8090650313208977E-5    -4.22500200053369
-0.020000000000000018     0                        2.120829480553054        2.584962324569362E-5     0.5674821551070586       -3.108644563567937       -1.4283039986113608E-7   -4.312177447806768
-0.010000000000000009     0                        2.274250914078726        1.889515732424613E-6     0.5370375790727417       -2.9445389504877517      -1.5851072623550992E-6   -4.165897155588561
0                         0                        2.32704610518858         -2.5768902648218584E-6   0.5093084220873377       -2.5686921466542163      -2.497667543054872E-6    -3.7538763266122968
0.010000000000000231      0                        2.2742504510038213       6.751168377474184E-6     0.4861676625213071       -2.04360007806988        -2.5196408708439722E-5   -3.149267103822436
0.020000000000000018      0                        2.120824591448572        -4.440906686210282E-6    0.46854679534882715      -1.4851213169805728      1.1624205416302666E-6    -2.478826882800787
0.03000000000000025       0                        1.9026551267092473       2.4876642607184628E-5    0.4562116767182854       -1.0006659091460113      5.7429669678066515E-6    -1.8686793947186788
0.040000000000000036      0                        1.6817155527953018       -1.0244420863208503E-5   0.448105380283097        -0.6425723324506877      -1.2084698238085675E-5   -1.3961581197640252
0.04999999999999982       0                        1.5013444637065234       -2.453920867744145E-5    0.4429528962511247       -0.4058722939178265      -2.1794195503098711E-7   -1.0708971723872227
0.06000000000000005       0                        1.372554753515787        -1.2019932630339108E-5   0.4396863715124051       -0.2597164756830375      5.610681635399964E-6     -0.8632100949584973
0.06999999999999984       0                        1.2884656821826697       3.229532838785945E-5     0.4375616926781275       -0.17291429630591654     1.3596089686600314E-6    -0.7366975211594438
0.08000000000000007       0                        1.237397965016771        1.8700303398360943E-6    0.43610826499501687      -0.12238638562902546     3.540259744182924E-6     -0.662025865260854
0.08999999999999986       0                        1.2089961071765065       2.5608292061700433E-5    0.4350436313493526       -0.09322005681341715     -2.4853294055699428E-5   -0.6191861135667156
0.10000000000000009       0                        1.1952936680468864       -7.15213719342126E-6     0.4342029025647929       -0.07644501674958978     3.7263691388382367E-7    -0.5954449968328659
0.10999999999999988       0                        1.1908347356907056       5.472123275177779E-6     0.43349133758370945      -0.06673117131600996     6.236542532442345E-7     -0.582947713731717
0.1200000000000001        0                        1.1923268140726688       6.6050286693054875E-6    0.4328551237543828       -0.061000641533958684    4.2377937960649965E-6    -0.5771054121950527
0.1299999999999999        0                        1.1973190592941088       1.7515864743836698E-5    0.4322638028430693       -0.057536775337763184    -8.646301665101734E-6    -0.575094465124721
0.14000000000000012       0                        1.2045646850133744       -4.87865066800013E-6     0.4317003261951812       -0.05531546460057253     -5.895554727408999E-7    -0.575326432044042
0.1499999999999999        0                        1.2131472225895474       -1.145116878197494E-5    0.4311552170183073       -0.05379162458601405     3.54031075097705E-7      -0.5768463786167671
0.16000000000000014       0                        1.222561653079451        -4.362376280581593E-6    0.4306232752066654       -0.05264282601444273     9.238333221079593E-7     -0.5791063292055909
0.16999999999999993       0                        1.2324516636436251       -3.1929691152005076E-6   0.4301017184505022       -0.05169173504929327     3.3035690350685773E-7    -0.5817713134895968
0.18000000000000016       0                        1.2426135072465916       4.4475480095715424E-6    0.42958911039075254      -0.05084067232919035     -2.622925797971713E-7    -0.5846539034667866
0.18999999999999995       0                        1.2528951756483628       -4.7084273862087E-6      0.4290847668526688       -0.05003265897840144     2.3137862278139825E-7    -0.5876308933123128
0.20000000000000018       0                        1.2632044447191881       5.911750144810851E-6     0.4285884060678493       -0.04924022257835661     -5.083080279252285E-7    -0.590635002078376
0.20999999999999996       0                        1.2734598861811641       -5.714356594023979E-6    0.4280999659531599       -0.048447114110667745    -6.485721573754163E-7    -0.593615248027539
0.2200000000000002        0                        1.283610334953365        5.487166287067231E-7     0.42761948941671424      -0.047646633221776355    -4.98051701541913E-7     -0.5965434292645517
0.22999999999999998       0                        1.29360958791895         2.7153649650525543E-6    0.42714706597661245      -0.04683616250055392     -1.975674627241883E-7    -0.5993977024993481
0.2400000000000002        0                        1.3034328414700818       -1.8398110197528306E-6   0.4266827985275687       -0.04601557315277618     -7.374174778845565E-8    -0.6021679456439715
0.25                      0                        1.3130347885612925       5.827326347976671E-8     0.42622678463475633      -0.045185788941835725    -3.549462735855484E-8    -0.6048363849838925
0.26000000000000023       0                        1.3224094274722962       4.021204748168626E-6     0.4257791065266079       -0.0443488384584663      2.089117786612447E-7     -0.6074031429499837
0.27                      0                        1.3315247591020252       -2.239456070507457E-6    0.42533982610923166      -0.043507001507460966    -4.809979634699101E-7    -0.6098575110040529
0.28000000000000025       0                        1.340362160429512        -5.4326301829064446E-6   0.4249089829113315       -0.042661764526399866    -1.0922882299175326E-6   -0.6121936868473388
0.29000000000000004       0                        1.3489179632867716       2.3874600233711E-7       0.4244866008339357       -0.041815272433319214    -1.371947680886844E-7    -0.6144128734727565
0.30000000000000027       0                        1.357185324584801        1.955637967902752E-6     0.42407267332070747      -0.04097036492884579     3.0531155162861787E-7    -0.6165155737171544
0.31000000000000005       0                        1.3651501149258394       1.5857336697760899E-6    0.4236671792570821       -0.040128894349611005    -2.0712208920747945E-7   -0.6184981928027228
0.31999999999999984       0                        1.3728115963220944       -2.6909563563764284E-6   0.4232700789485635       -0.03929216574683273     -1.2653005107292616E-6   -0.6203622385035891
0.33000000000000007       0                        1.3801623012912856       -2.1662223783953918E-6   0.4228813156599252       -0.03846178613344121     -5.534196349508324E-7    -0.6221066359277302
0.33999999999999986       0                        1.3872088325292184       1.5913686032570894E-7    0.42250081520618926      -0.03763970419983252     3.1664573559456843E-7    -0.6237365668046534
0.3500000000000001        0                        1.3939447722904856       2.959932693963511E-6     0.42212849117085927      -0.03682671182329829     4.862346126568173E-7     -0.625250515325788
0.3599999999999999        0                        1.4003741725299712       1.4471149859670788E-6    0.42176424656336936      -0.03602415663553144     5.208744899224735E-7     -0.6266519144194366
0.3700000000000001        0                        1.406507154932905        -1.0729733569687391E-6   0.42140797007726605      -0.03523332475459225     -7.282222607173329E-8    -0.6279466498140185
0.3799999999999999        0                        1.4123495171780833       -6.061911457168522E-7    0.4210595418454847       -0.034454512301248054    -5.8153399840924804E-8   -0.6291377529299433
0.3900000000000001        0                        1.4178999029458355       2.1042535734921083E-6    0.42071883366721763      -0.033689391070529       7.842972723313612E-7     -0.630226584494762
0.3999999999999999        0                        1.4231620250599664       3.438239001244453E-6     0.4203857102742078       -0.03293776077119013     6.286990084014691E-7     -0.631214739511304
0.41000000000000014       0                        1.42815589597806         7.532002353430959E-7     0.42006002897697226      -0.032200950516584156    -1.3333661462301537E-7   -0.6321121575647618
0.41999999999999993       0                        1.4328831833014655       5.032442967418029E-7     0.4197416444835054       -0.03147866486387921     -1.8672084094977746E-7   -0.6329194085755965
0.43000000000000016       0                        1.437351900758702        -4.7234113384699334E-7   0.4194304039816297       -0.03077202775257753     -5.400736145827974E-7    -0.633641116151563
0.43999999999999995       0                        1.4415699967651274       -9.452052547176957E-7    0.4191261538078855       -0.030080402713285957    1.0524156050192135E-6    -0.6342800909022998
0.4500000000000002        0                        1.4455526951177222       2.530954571989898E-6     0.4188287414904308       -0.02940493776696952     -1.3832682944994461E-6   -0.6348439538212255
0.45999999999999996       0                        1.4493008964273566       3.543676507097048E-7     0.41853800075876346      -0.028745921499887098    -1.5588824746649776E-6   -0.6353334211884766
0.4700000000000002        0                        1.452832950032044        8.030403280533126E-7     0.4182537759494373       -0.028101780531080575    -3.806627946154831E-7    -0.6357546477057432
0.48                      0                        1.4561536491552585       5.109111100066005E-7     0.41797590633683546      -0.02747477231017961     -7.424936460436399E-7    -0.6361119135815391
0.4900000000000002        0                        1.4592624108178747       -7.936231744410873E-7    0.41770422892043174      -0.026863044221350045    -7.916536743030346E-7    -0.6364031243246007
0.5                       0                        1.462183384070927        -8.040731372308519E-7    0.41743858952204876      -0.02626807786165397     1.6347840216798117E-7    -0.6366398473307979
0.5100000000000002        0                        1.4649234184709148       1.6175530309871551E-6    0.4171788227020535       -0.025688080314106482    6.556087027068163E-7     -0.6368231073804703
0.52                      0                        1.4674861975136275       1.8462017922549664E-6    0.41692477223671526      -0.025124625566982795    -1.2134648175187463E-8   -0.6369559742258754
0.5300000000000002        0                        1.4698850172844515       -4.699528460967373E-7    0.4166762800280536       -0.0245770199873947      8.919072810060864E-7     -0.6370432410584512
0.54                      0                        1.4721283493206503       -5.258181935344376E-7    0.4164331937862605       -0.024043580810374728    -4.99913091529921E-7     -0.6370866909812688
0.5500000000000003        0                        1.474218193303998        2.7265398347966834E-7    0.4161953581092671       -0.02352585523098705     -4.006218246767476E-7    -0.6370886241243412
0.56                      0                        1.476170253953436        -5.02071520846476E-7     0.41596262594714584      -0.023023430038459965    1.6469601304959084E-7    -0.6370550852179964
0.5699999999999998        0                        1.4779884196363244       1.1569656901275366E-6    0.41573484675147243      -0.022535050234281945    4.2981247892229235E-7    -0.6369863393722401
0.5800000000000001        0                        1.47968136099828         9.03388096658938E-7      0.41551187529933         -0.022061605253966193    5.241770387152655E-8     -0.6368867824078264
0.5899999999999999        0                        1.481256762863141        -2.381132322906995E-8    0.4152935691213613       -0.02160217049883331     -1.1965930826962742E-6   -0.636758578333421
0.6000000000000001        0                        1.48272196411666         -1.8723506240103157E-7   0.4150797894647415       -0.021156276185444172    -5.4678351481043045E-8   -0.6366041968857353
0.6099999999999999        0                        1.484081001195439        2.2715122970470725E-7    0.41487039666522846      -0.020724334677865996    -2.772148978123845E-7    -0.6364256083271471
0.6200000000000001        0                        1.485343420848078        -7.375079598471701E-7    0.4146652598112567       -0.02030530966699379     -5.061783676366946E-7    -0.6362256251819028
0.6299999999999999        0                        1.486511610194704        3.014036847121256E-7     0.41446424713540486      -0.019899302508975522    -3.4128963830742374E-7   -0.636005217886362
0.6400000000000001        0                        1.4875953323935955       -4.8247139946057044E-8   0.4142672334066086       -0.019506143894307576    1.9433173262677934E-7    -0.6357681466735867
0.6499999999999999        0                        1.4885981753591244       2.8581955486524005E-7    0.4140740908545904       -0.019124505722913934    2.750261470767669E-7     -0.6355144418325455
0.6600000000000001        0                        1.4895242955697723       1.0050635658893954E-6    0.4138847009662478       -0.018755395106539674    2.229883685274965E-7     -0.6352467127603958
0.6699999999999999        0                        1.4903817243968611       -1.81586341863837E-8     0.4136989444491819       -0.018397555020997707    1.7129579853704E-7       -0.6349669012303307
0.6800000000000002        0                        1.4911718412209793       6.884881096149557E-7     0.4135167067414052       -0.01805173848883403     -1.1038979991543547E-7   -0.634676207456051
0.69                      0                        1.491902001539486        -1.6098423451272303E-7   0.41333787381739223      -0.01771665190746731     -3.530226797108472E-7    -0.6343762531677103
0.7000000000000002        0                        1.4925739108231384       5.219188721449569E-7     0.4131623403060117       -0.017391958140994417    -2.3389184400310422E-7   -0.6340672882163786
0.71                      0                        1.4931922540206033       -3.852667119480438E-8    0.4129899986782136       -0.017078123959487178    -4.704611206517159E-7    -0.633751590973775
0.7200000000000002        0                        1.4937603441274543       2.690458936243475E-7     0.41282074789567635      -0.016773925544126423    -4.551059730082736E-7    -0.6334291879837249
0.73                      0                        1.4942831859558623       8.656616351970975E-7     0.41265448644584646      -0.01648000228965156     -4.7093136023084534E-8   -0.6331026629949311
0.7400000000000002        0                        1.4947641688312092       -4.0955341086479374E-7   0.4124911191309427       -0.016195790593166726    1.0887351367680516E-6    -0.6327727354311856
0.75                      0                        1.4952058152431047       -4.1364602805800576E-7   0.4123305499462567       -0.015919971278973565    -8.484268413249649E-8    -0.632439007361004
0.7600000000000002        0                        1.4956084604949071       3.7956373047253593E-7    0.4121726894805822       -0.01565349219465239     7.491319560467018E-8     -0.6321024537667513
0.77                      0                        1.4959776945748338       -7.274809038733389E-8    0.4120174503128825       -0.015395758529087008    -1.323194755761627E-7    -0.6317646739727542
0.7800000000000002        0                        1.4963157895836325       6.707334128698451E-7     0.41186474553691343      -0.015146536491085874    1.4383913282449472E-7    -0.6314262584108145
0.79                      0                        1.496624504737903        7.874470720794404E-8     0.41171449193121723      -0.014905503200467072    -4.107325805739971E-8    -0.6310875007804424
0.8000000000000003        0                        1.4969066158005406       3.629616035984289E-7     0.41156660916910387      -0.014672312770056532    3.318146457460148E-8     -0.6307490928778836
0.81                      0                        1.4971633218772569       7.990803089491614E-8     0.41142101927651936      -0.0144469869384176      1.790623112836789E-7     -0.6304114468485783
0.8199999999999998        0                        1.4973971155470505       -1.7123537014084223E-7   0.41127764953016127      -0.01422852353919908     7.255469576395086E-10    -0.6300744896346333
0.8300000000000001        0                        1.4976102510784293       1.5840976602999137E-7    0.4111364240894385       -0.014017747366513574    -1.448152742871797E-7    -0.6297398706745853
0.8399999999999999        0                        1.4978035683698316       -2.619012090613962E-7    0.4109972723656249       -0.013813752775592422    -2.6556532310062946E-7   -0.629406933915093
0.8500000000000001        0                        1.4979789418185492       2.1931794926847374E-7    0.41086012660591875      -0.013616401313772172    -1.885499355504115E-7    -0.6290762190023415
0.8599999999999999        0                        1.4981380796896802       -3.273070322920944E-8    0.41072492030731783      -0.013425773588332681    -3.7104400681384346E-8   -0.6287484169782347
0.8700000000000001        0                        1.4982818067591277       2.62554045934444E-7      0.41059158996748113      -0.013241390374917054    -2.476691824180249E-8    -0.6284232996314976
0.8799999999999999        0                        1.498411937959991        6.684640231641872E-8     0.41046007310432153      -0.013063409573031533    4.3192331435241015E-7    -0.6281016831684775
0.8900000000000001        0                        1.498529442986913        -9.989331198853133E-8    0.4103303088322903       -0.012890660354012958    -1.041623928059685E-7    -0.627782709489113
0.8999999999999999        0                        1.4986349522832234       7.032074569036605E-8     0.41020224010296835      -0.012723960391713997    -4.465667433512608E-8    -0.6274673749148973
0.9100000000000001        0                        1.4987299711629822       -2.8132337933155745E-8   0.4100758112081301       -0.01256292896419184     7.422056760775026E-8     -0.6271558376707892
0.9199999999999999        0                        1.498815147306478        1.1359701135225917E-7    0.40995096707099943      -0.012406899269813669    1.2334756724752827E-7    -0.6268476183687667
0.9300000000000002        0                        1.4988915214863938       7.635971209490233E-8     0.40982765504654584      -0.012256340487253782    -3.1737384008654524E-8   -0.6265435379071718
0.94                      0                        1.4989597764872922       5.802535698696671E-9     0.4097058241146889       -0.012110534147294114    -2.5239249203776756E-8   -0.6262430846877901
0.9500000000000002        0                        1.4990207640851143       2.160039247397375E-8     0.4095854265624631       -0.011969766626378324    -2.1100836413347125E-7   -0.6259468257101692
0.96                      0                        1.4990748440029542       3.926901206436958E-8     0.4094664130196721       -0.011833677070970803    -2.3532758115524236E-7   -0.6256544762928851
0.9700000000000002        0                        1.4991228971741837       4.352846066290943E-8     0.4093487389798569       -0.011701995094358713    -1.1621429272251647E-7   -0.6253660626284405
0.98                      0                        1.499165477471248        6.199777168501447E-8     0.4092323594184391       -0.011574647505146179    -7.432230780027655E-8    -0.6250816730093758
0.9900000000000002        0                        1.4992029723694624       -1.6505855233350578E-8   0.4091172317364648       -0.011451573661167709    -4.340266405771514E-8    -0.6248013435280418
1                         0                        1.4992359988027262       4.70893117254133E-8      0.40900331433781933      -0.011332581936496654    1.1936542466456489E-8    -0.6245250744213826
1.0100000000000002        0                        1.4992648421740529       -2.9798458991529327E-8   0.40889056668438906      -0.011217562966629546    -4.281790175985523E-8    -0.6242528138931591
1.02                      0                        1.4992899841469598       6.617045851625639E-8     0.40877895074718246      -0.011106389738300743    -2.576631341080045E-7    -0.6239845763236548
1.0300000000000002        0                        1.4993118916561612       5.439314634042103E-8     0.4086684279878893       -0.010998762667366078    -1.8830707831054813E-8   -0.6237201964940381
1.04                      0                        1.4993306356084823       2.374056980807028E-8     0.4085589626954345       -0.010894805616780303    -7.427392091847314E-8    -0.6234597748384684
1.0500000000000003        0                        1.4993467845806425       -1.4001927769937323E-9   0.4084505202148819       -0.010794256833327734    -1.5930591224625835E-7   -0.6232032309778015
1.06                      0                        1.4993604423518516       3.2941417348035E-8       0.4083430662982293       -0.010697038670874391    -1.1485468726829472E-7   -0.6229504791870989
1.0700000000000003        0                        1.49937196544317         3.7674742145846006E-8    0.4082365689942554       -0.010602937218503092    -1.27796976176431E-7     -0.6227014040371962
1.08                      0                        1.4993815794811638       9.464829469361193E-9     0.40813099558924154      -0.010512093466759943    6.505098054519715E-8     -0.6224561902685768
1.0899999999999999        0                        1.4993894264529395       4.2662829694654835E-8    0.40802631662993466      -0.010424240010586474    5.548981394337857E-8     -0.6222145848800498
1.1                       0                        1.4993958342009492       3.424791616591653E-8     0.4079225013006445       -0.010339295433530191    -1.7697005051319928E-8   -0.6219765945605479
1.1099999999999999        0                        1.4994008171741957       9.219387299818289E-9     0.40781952209990163      -0.010257000293768848    1.6338564831672184E-7    -0.6217419249899513
1.12                      0                        1.4994046467492859       9.28169964328867E-9      0.4077173513444144       -0.010177586344683359    1.1928661071382933E-7    -0.6215108775108095
1.13                      0                        1.499407431209487        1.8572143605249704E-8    0.40761596166218766      -0.010100785641664455    4.566508902422698E-8     -0.62128318763755
1.1400000000000001        0                        1.4994092550693932       1.5066343566172642E-8    0.40751532759687364      -0.010026407526043758    -2.047593092332534E-9    -0.6210586613074318
1.15                      0                        1.4994103184363834       1.1685778705782529E-8    0.407415424766076        -0.009954564859766845    7.932779843063365E-9     -0.6208374566441633
1.1600000000000001        0                        1.4994106501706135       1.838627524512599E-8     0.407316228602388        -0.009885016572311658    2.7129673274250316E-8    -0.6206193077260604
1.17                      0                        1.4994103965622751       1.8510200010829524E-8    0.40721771624583714      -0.009817817496284128    -1.0187327637312568E-8   -0.6204042948996388
1.1800000000000002        0                        1.4994096184725791       1.5805457741879814E-8    0.4071198648744871       -0.009752821147681038    -6.99652854922527E-9     -0.6201922624117437
1.19                      0                        1.4994084149485798       9.05643831490771E-9      0.4070226527775103       -0.009689955283114005    -4.454772005957499E-8    -0.6199831459324069
1.2000000000000002        0                        1.4994068225042636       1.4579954312741147E-8    0.4069260594291885       -0.009629076197508904    -7.674254314400432E-9    -0.6197767859604095
1.21                      0                        1.4994049287703046       6.819362612532299E-9     0.4068300643352218       -0.009570184225416715    -1.3755095589978553E-7   -0.6195731878615883
1.2200000000000002        0                        1.4994027763004127       9.509714093708546E-9     0.40673464768442485      -0.009513342242932163    -1.2074313480793507E-8   -0.6193724021985291
1.23                      0                        1.499400419604964        1.0340385534558914E-8    0.40663979072801254      -0.009458358255794826    -1.3259516013073308E-7   -0.6191742311014515
1.2400000000000002        0                        1.4993978926179603       8.891636367630074E-9     0.40654547474085045      -0.009405126692107088    -5.506632708756813E-8    -0.6189785547719066
1.25                      0                        1.4993952422485746       8.298110963148705E-9     0.40645168249055624      -0.009353557044593137    -4.17429032010413E-8     -0.6187852759748614
1.2600000000000002        0                        1.4993924989647616       1.1373055782068941E-8    0.4063583972633759       -0.009303757613754954    -3.856282861850011E-8    -0.6185944903618035
1.27                      0                        1.4993896896226442       6.268955890977422E-9     0.4062656020733997       -0.009255628561320195    -5.0645016621715314E-8   -0.6184060835585117
1.2800000000000002        0                        1.499386841294419        8.573750420954908E-9     0.4061732808045032       -0.009208938161364328    -1.2009750382350711E-8   -0.6182198106850195
1.29                      0                        1.4993839785992067       6.379564012186442E-9     0.4060814182135666       -0.009163822474881218    -3.3724739520300733E-8   -0.618035794951147
1.3000000000000003        0                        1.4993811183843653       6.486301837292271E-9     0.40598999955528947      -0.009120168125195513    -8.278812813995473E-8    -0.6178539077112735
1.31                      0                        1.4993782758113658       7.76501384357146E-9      0.4058990101720562       -0.009077916685873228    -8.03447011679161E-8     -0.6176740747111908
1.3200000000000003        0                        1.4993754696299697       4.332051206523963E-9     0.4058084364190798       -0.009037055759242114    -9.105757485661078E-8    -0.6174962706949035
1.33                      0                        1.499372708120949        6.963318843764149E-9     0.40571826463473         -0.008997403273146298    1.3053996720213498E-7    -0.6173202964526532
1.3399999999999999        0                        1.4993699981742903       6.183757228106471E-9     0.40562848206426705      -0.008959226176386705    -5.5836777033384736E-8   -0.6171464025885269
1.35                      0                        1.4993673573320585       5.376264645455422E-9     0.40553907585600585      -0.008922211912539408    -7.540447294117201E-8    -0.6169742643736441
1.3599999999999999        0                        1.4993647849286973       5.601266962638087E-9     0.4054500339000619       -0.008886358728124624    -2.7009635590296478E-8   -0.616803861606024
1.37                      0                        1.4993622895687482       3.4110538709387017E-9    0.40536134472754665      -0.008851682986768328    2.27502696939125E-8      -0.6166351969201292
1.38                      0                        1.4993598745883736       4.063771514401074E-9     0.405272996730795        -0.008818057351851356    4.307480688912489E-9     -0.6164681269041905
1.3900000000000001        0                        1.499357543477829        4.9059343595814555E-9    0.40518497926979163      -0.008785588368305742    1.2814122991151243E-9    -0.6163027435403756
1.4                       0                        1.499355296681311        3.455419160315401E-9     0.40509728159031483      -0.008754119646300232    -6.386531118993075E-8    -0.6161388744699393
1.4100000000000001        0                        1.4993531335410406       2.535606274880142E-9     0.40500989340871274      -0.008723659912889618    -2.3619225159552655E-8   -0.6159765127103659
1.42                      0                        1.4993510624260222       3.1694943963238424E-9    0.40492280487184906      -0.008694202249957712    4.351275285612487E-8     -0.6158156399350896
1.4300000000000002        0                        1.4993490811678465       3.0469056947388555E-9    0.40483600635372935      -0.008665622377827645    3.2087204205261805E-8    -0.6156561165279522
1.44                      0                        1.4993471857564782       3.4732043708239887E-9    0.4047494889470256       -0.00863801028393311     -1.3083112947696169E-8   -0.6154980174730287
1.4500000000000002        0                        1.4993453727444332       2.3527753378535674E-9    0.4046632433118781       -0.008611219990506782    -1.4426593031790655E-8   -0.6153411813699259
1.46                      0                        1.4993436462196659       3.0542334191325436E-9    0.4045772612246661       -0.008585333486974477    -8.5239012803226E-8      -0.6151856795091315
1.4700000000000002        0                        1.499342005746846        3.299984067213839E-9     0.40449153392143733      -0.008560263193862714    -1.2722568810057967E-7   -0.615031410971249
1.48                      0                        1.4993404461379536       2.261528440767397E-9     0.4044060536754754       -0.008535908153674722    -7.758007020724833E-8    -0.6148782610923512
1.4900000000000002        0                        1.4993389650911293       1.956456464589805E-9     0.40432081245644447      -0.008512407856086639    -1.6678640466442295E-8   -0.6147263563693367
1.5                       0                        1.4993375636639814       1.1497796639885972E-9    0.40423580316004226      -0.008489584627468242    1.494819851946702E-8     -0.6145755088831988
1.5100000000000002        0                        1.4993362349559123       1.2385880682336692E-9    0.4041510182925484       -0.00846750750214045     -3.214459542060767E-8    -0.614425773622488
1.52                      0                        1.4993349778919647       9.566596901083672E-10    0.4040664508658084       -0.00844612225647738     -4.0012056343604195E-8   -0.6142770854322488
1.5300000000000002        0                        1.4993337906983102       1.6006080694121624E-9    0.4039820937385213       -0.008425412537815796    -1.0636633101908651E-7   -0.614129416517033
1.54                      0                        1.4993326711788386       1.676689479547983E-9     0.4038979408829575       -0.008405310095237685    -9.244564783065933E-9    -0.6139826886829151
1.5500000000000003        0                        1.4993316161129988       1.9806287619138166E-9    0.4038139855413503       -0.008385853398418559    -1.4507390933426252E-8   -0.6138369289491624
1.56                      0                        1.4993306212706774       1.1453244424293112E-9    0.40373022168558764      -0.008366991938585746    -8.41481817656016E-8     -0.6136920760441862
1.5700000000000003        0                        1.499329686592509        8.327883354904758E-10    0.403646643575754        -0.008348702036357337    -2.628005066493789E-8    -0.6135480976429107
1.58                      0                        1.4993288083250214       1.735529113698704E-9     0.4035632454524712       -0.008331013393819378    -8.692629481944567E-8    -0.613405013281851
1.5899999999999999        0                        1.4993279836833855       6.971413263089797E-10    0.40348002164614405      -0.008313825254916075    -6.460933948916618E-8    -0.6132627125661579
1.6                       0                        1.4993272085160565       7.980859912591419E-10    0.4033969669686995       -0.00829720360616532     4.588821345026756E-9     -0.6131212520151894
1.6099999999999999        0                        1.499326483740583        7.545466803428646E-11    0.40331407612921155      -0.008281037052904174    3.5667147167008475E-8    -0.6129805126587967
1.62                      0                        1.499325803970199        7.24091089692285E-10     0.40323134434177604      -0.008265399784722951    -8.108503096387294E-9    -0.6128405593259405
1.63                      0                        1.499325167839166        6.282913061669414E-10    0.4031487665174983       -0.008250224847151467    -6.8624584790169E-8      -0.6127013168701523
1.6400000000000001        0                        1.4993245741925825       5.532170047660899E-10    0.40306633815819337      -0.008235521367116317    -4.012168614619971E-8    -0.6125627871975131
1.65                      0                        1.4993240181166327       3.1253706237592677E-10   0.40298405470394943      -0.00822124327687157     -2.0221942937293465E-8   -0.61242491541253
1.6600000000000001        0                        1.499323500604052        2.749207048889357E-10    0.40290191174429907      -0.00820741419471709     -1.2093478364064642E-8   -0.6122877189112443
1.67                      0                        1.499323016524464        4.2901618353758E-10      0.40281990514678473      -0.008193981183350803    -5.637596912118258E-8    -0.6121511364841266
1.6800000000000002        0                        1.499322566231959        7.867622325169437E-10    0.40273803075260706      -0.008180963422649035    -1.187618954233616E-7    -0.6120151812098534
1.69                      0                        1.4993221468731337       -1.2381608373823327E-10  0.4026562848922136       -0.008168293726176381    -5.510965256045841E-8    -0.6118797792427302
1.7000000000000002        0                        1.4993217563865695       2.147417910503603E-10    0.402574663440476        -0.008156034929049608    -5.435620360942798E-10   -0.6117449863953561
1.71                      0                        1.4993213941094605       -6.223632965777599E-11   0.40249316302482396      -0.00814411775039115     -7.892952175109353E-10   -0.6116107280562966
1.7200000000000002        0                        1.4993210565893245       -1.2342188833310732E-10  0.40241177986274934      -0.008132574263012638    -2.6785880389967686E-8   -0.6114770292308206
1.73                      0                        1.4993207435636235       -1.3522170154946782E-11  0.40233051061680014      -0.008121333487966079    -2.100129578460225E-8    -0.6113438138242792
1.7400000000000002        0                        1.4993204528778046       -3.710832698237589E-11   0.4022493519377872       -0.00811045321586154     -1.0321204059966696E-8   -0.611211133733028
1.75                      0                        1.4993201843454182       -1.272446323039902E-10   0.4021683006416459       -0.008099844997181579    2.658220109834173E-10    -0.6110788956530976
1.7600000000000002        0                        1.499319935101058        -2.0024360032396173E-10  0.40208735378240223      -0.008089579134865988    -1.6743934647700402E-8   -0.6109471643128535
1.77                      0                        1.4993197043672526       -7.291036447433461E-11   0.4020065082036463       -0.008079625283668925    1.569383037346194E-8     -0.6108159043172714
1.7800000000000002        0                        1.4993194907148086       -1.1873326622060196E-10  0.40192576090349114      -0.008069901855818878    -1.4244540868114155E-8   -0.6106850289988032
1.79                      0                        1.4993192937981994       -2.585630444524772E-10   0.4018451091930293       -0.008060483356092453    5.724801891689138E-9     -0.6105546086876454
1.8000000000000003        0                        1.4993191120449783       -1.3112254290314003E-10  0.4017645506257949       -0.008051303067224732    -1.1199879974672477E-8   -0.6104245723626412
1.81                      0                        1.4993189440955095       -3.4115051199008385E-10  0.4016840823047458       -0.008042376378766623    3.3959074981436294E-8    -0.6102949305198918
1.8200000000000003        0                        1.4993187890531496       -4.977345797823427E-11   0.40160370168810344      -0.00803375229947946     -4.4663709576097077E-8   -0.610165727993749
1.83                      0                        1.4993186466049064       -2.883182569405197E-10   0.4015234064299317       -0.008025357269744201    -6.049785272034953E-8    -0.6100368875784611
1.8399999999999999        0                        1.4993185157085862       -1.5233835147949962E-10  0.4014431942112018       -0.008017138581935361    -6.91929379729496E-8     -0.609908352667988
1.85                      0                        1.4993183950554763       -1.3045723616053496E-10  0.40136306280060213      -0.008009183292211232    -5.1035134277562635E-8   -0.6097802064449603
1.8599999999999999        0                        1.499318284105976        -3.052354780716E-10      0.40128300975027303      -0.008001466527814425    -5.600133018397535E-9    -0.6096524201474754
1.87                      0                        1.499318182237954        -3.197439690886889E-10   0.40120303323876055      -0.00799389885963714     -2.56059686593735E-8     -0.6095249013635291
1.88                      0                        1.499318088741788        -2.4593916700536067E-10  0.4011231309726036       -0.007986583011933392    -5.434399522285445E-8    -0.6093977490918994
1.8900000000000001        0                        1.4993180033853104       -2.658132423340948E-10   0.40104330100949676      -0.007979435799012473    -5.2468769663960514E-8   -0.6092708771396252
1.9                       0                        1.499317925121278        -2.1430379475085105E-10  0.4009635415540629       -0.007972494002547695    -2.040699937691002E-8    -0.6091443191746646
1.9100000000000001        0                        1.49931785341318         -3.908347665014382E-10   0.40088385063545356      -0.00796573503293778     -2.644049456647322E-8    -0.6090180494356958
1.92                      0                        1.4993177880652762       -2.0971259528051594E-10  0.4008042264845408       -0.007959150790542614    -1.842767392000687E-8    -0.6088920570905583
1.9300000000000002        0                        1.4993177284068722       -1.8191995632565114E-10  0.40072466737803736      -0.007952699004244293    -2.249310247518607E-8    -0.6087662970140827
1.94                      0                        1.4993176740430074       -4.000448271521658E-10   0.40064517170751857      -0.007946443469464111    -9.093940981291714E-9    -0.6086408304305422
1.9500000000000002        0                        1.4993176244619242       -1.8721418067584094E-10  0.4005657379248222       -0.00794037570102015     1.7230642603002056E-8    -0.6085156463273023
1.96                      0                        1.4993175793344649       -3.20601306184337E-10    0.40048636423433376      -0.007934403545285181    5.235782402906185E-8     -0.6083906497255672
1.9700000000000002        0                        1.4993175383265591       -3.808646047181415E-10   0.4004070492395038       -0.00792862375470795     -2.5112570293940903E-9   -0.6082659351490821
1.98                      0                        1.4993175010934063       -1.9857049100969714E-10  0.4003277914476734       -0.007922947693866344    -9.68908080416759E-10    -0.6081414115854343
1.9900000000000002        0                        1.499317467378582        -2.837394345175094E-10   0.40024858932157714      -0.007917463276075041    -1.849894356715734E-8    -0.6080171645395522
2                         0                        1.4993174368303688       -2.517940060899609E-10   0.4001694416447359       -0.007912087564297642    -1.6148224679212267E-8   -0.6078931091089229
