% Model:              C1Eq.mph
% Version:            COMSOL 5.6.0.280
% Date:               Jun 10 2021, 09:42
% Dimension:          2
% Nodes:              401
% Expressions:        8
% Description:        Velocity field, x component, Velocity field, y component, Dependent variable u3, Gradient of u3, x component, Dependent variable u5, Gradient of u5, x component, , 
% Length unit:        m
% x                       y                        u (m/s)                  v (m/s)                  u3 (1)                   u3x (1/m)                u5 (1)                   u5x (1/m)                -u*u3+u3x                -u*u5+u5x
-2                        0                        1.499557859925354        -5.200016122919798E-11   0.883813168098899        -0.0824704065529028      0.8843063362652934       -0.08194543176775201     -1.407799389481135       -1.4080139488961658
-1.99                     0                        1.4995578871802535       -6.924939785644975E-11   0.8829852256895965       -0.08311918440956029     0.8834836702826925       -0.08258885979034807     -1.407206643856031       -1.4074237657577182
-1.98                     0                        1.499557917350611        2.337988086293873E-11    0.8821507622605862       -0.08377460018018378     0.8826545370571617       -0.0832388915335812      -1.4066107600249225      -1.4068304908630862
-1.97                     0                        1.4995579507710544       -1.1091782774693991E-10  0.8813097108343176       -0.08443680352244826     0.8818188702149573       -0.08389559441942845     -1.4060117874957883      -1.4062340923902161
-1.96                     0                        1.4995579877618048       2.533121683990023E-11    0.8804620037471647       -0.08510574892545217     0.8809766027046603       -0.08455903656222717     -1.405409579565277       -1.4056345381792583
-1.95                     0                        1.4995580284375634       -8.923436222493874E-11   0.8796075728888653       -0.0857815749595455      0.8801276667902291       -0.08522928677372531     -1.4048041727595226      -1.405031795559034
-1.94                     0                        1.4995580734571876       -1.0951705663175393E-11  0.8787463492162322       -0.08646432727300044     0.8792719940439753       -0.08590641457255642     -1.4041955097612304      -1.4044258320059997
-1.93                     0                        1.499558123060727        -8.280090129305767E-11   0.877878262832674        -0.08715410330492625     0.8784095153394642       -0.08659049019031795     -1.4035835833941026      -1.4038166142914479
-1.92                     0                        1.4995581774753537       -1.3892034246931447E-10  0.8770032434482287       -0.08785095469509728     0.8775401608443425       -0.08728158458054067     -1.4029683400802968      -1.4032041088377116
-1.91                     0                        1.4995582370830052       9.221237778225066E-11    0.8761212201041754       -0.08855491426824579     0.8766638600130866       -0.08797976942537766     -1.4023497065586745      -1.4025882818609843
-1.9                      0                        1.4995583026673949       -4.654541582932334E-11   0.8752321209205635       -0.08926615154045964     0.8757805415796757       -0.08868511714307753     -1.4017277452280839      -1.401969099583428
-1.89                     0                        1.4995583743881093       -7.815100458218952E-11   0.8743358731539421       -0.08998463859305383     0.874890133550186        -0.08939770089750924     -1.4011023192089875      -1.401346527332222
-1.88                     0                        1.499558453203936        -2.539788233221084E-11   0.8734324035218608       -0.09071052978108358     0.8739925631953015       -0.0901175946043754      -1.4004734737845212      -1.400720530781265
-1.87                     0                        1.4995585395249817       -3.737881318161297E-11   0.8725216378112133       -0.09144391344657955     0.8730877570427529       -0.09084487294090478     -1.3998411863467077      -1.4000910747690773
-1.8599999999999999       0                        1.4995586334788822       -1.392540095876044E-10   0.8716035015307451       -0.0921846888865678      0.8721756408696586       -0.09157961135178105     -1.3992052445774208      -1.3994581235278547
-1.85                     0                        1.4995587363206881       -1.312137703227101E-10   0.8706779186869915       -0.09293314654133185     0.8712561396948124       -0.09232188606077033     -1.3985658260299239      -1.3988216419131643
-1.84                     0                        1.4995588484001185       -5.17205205648922E-11    0.8697448130454447       -0.0936892597793925      0.8703291777708427       -0.09307177407704138     -1.397922790031796       -1.3981815936241084
-1.83                     0                        1.4995589705178343       -9.015962883925074E-11   0.868804107431388        -0.09445315897235133     0.8693946785763301       -0.09382935320310373     -1.3972761518938295      -1.3975379423827088
-1.82                     0                        1.4995591031555708       6.092290680154816E-11    0.8678557240786962       -0.0952248209366199      0.8684525648078115       -0.09459470204671695     -1.3966257722044981      -1.396890651263074
-1.81                     0                        1.4995592479392728       7.301356394144799E-11    0.8668995842753718       -0.0960044708209762      0.8675027583717025       -0.09536790002556572     -1.395971759455821       -1.3962396839546805
-1.8                      0                        1.4995594051681551       -2.2300411143950505E-10  0.8659356082662786       -0.09679209607084889     0.8665451803761377       -0.09614902738050123     -1.395313981716554       -1.395585002616674
-1.79                     0                        1.4995595761061522       -9.824990363086811E-11   0.8649637156727796       -0.09758778180701012     0.8655797511227029       -0.09693816518084086     -1.3946524046284858      -1.3949265698604698
-1.78                     0                        1.499559761235227        -7.584403763841963E-11   0.8639838253681038       -0.09839164599554741     0.8646063900980941       -0.09773539533716016     -1.3939870248756392      -1.3942643472351097
-1.77                     0                        1.4995599623477915       -1.3247019522575695E-10  0.8629958553381888       -0.09920374384225784     0.8636250159656738       -0.0985408006079855      -1.3933177761794924      -1.3935982970320822
-1.76                     0                        1.4995601797324445       -2.700104290387093E-10   0.861999722871112        -0.10002414937005294     0.8626355465569229       -0.09935446461150303     -1.392644608727975       -1.3929283798499978
-1.75                     0                        1.4995604157754074       2.0904859268024142E-11   0.8609953442212918       -0.10085296783028345     0.861637898862812        -0.10017647183400713     -1.3919675041914537      -1.392254557700574
-1.74                     0                        1.4995606707128106       -3.238269919836664E-10   0.8599826346519426       -0.10169033526773198     0.8606319890250621       -0.1010069076404957      -1.391286471687769       -1.3915767903398182
-1.73                     0                        1.4995609459817918       -1.9874376842078624E-10  0.8589615088187593       -0.10253624389286693     0.8596177323273055       -0.10184585828547858     -1.3906013766190728      -1.3908950381569356
-1.72                     0                        1.4995612435464052       -6.544535201183234E-12   0.8579318807114917       -0.10339084150393536     0.8585950431861498       -0.1026934109212998      -1.389912239421766       -1.390209261584302
-1.71                     0                        1.4995615648425489       9.872468058671928E-11    0.8568936628648584       -0.10425422053848879     0.85756383514213         -0.10354965361219241     -1.3892190225277794      -1.3895194201903025
-1.7                      0                        1.4995619117080048       -5.246599803954703E-10   0.8558467672672238       -0.10512640512555418     0.8565240208505535       -0.1044146753405752      -1.3885216195779082      -1.3888254734710581
-1.69                     0                        1.4995622846173817       -6.415899973430592E-11   0.8547911048769915       -0.10600755923538607     0.8554755120722431       -0.1052885660232264      -1.3878200613353435      -1.3881273793405038
-1.68                     0                        1.499562686026272        -4.2301562999550844E-10  0.8537265859647496       -0.10689773395739362     0.8544182196641673       -0.10617141651630514     -1.3871142663387326      -1.3874250969856894
-1.67                     0                        1.4995631186935305       -4.588586927988571E-10   0.8526531196576536       -0.10779705825804846     0.8533520535699437       -0.10706331863415193     -1.3864042295356476      -1.3867185854290254
-1.66                     0                        1.4995635843276243       3.303940079696857E-10    0.851570614154396        -0.10870556221948695     0.8522769228102458       -0.10796436515524752     -1.3856898446889294      -1.3860078023642977
-1.65                     0                        1.4995640839533892       -1.6660043292167373E-10  0.8504789769664822       -0.10962343864975764     0.8511927354730718       -0.10887464983768493     -1.3849711666661162      -1.3852927044751415
-1.6400000000000001       0                        1.4995646191213858       -9.286262326056723E-11   0.8493781141699348       -0.11055065906545657     0.8500993987039087       -0.10979426742787965     -1.3842480273307358      -1.3845732484606255
-1.63                     0                        1.4995651936075733       -3.468021035163698E-10   0.8482679317048705       -0.11148743755619459     0.8489968186957635       -0.11072331367677228     -1.3835205027943045      -1.3838493924764987
-1.62                     0                        1.4995658102984233       -3.4282267210511275E-11  0.8471483333653231       -0.11243388351454639     0.8478849006790647       -0.11166188535195629     -1.382788560480476       -1.383121093478556
-1.6099999999999999       0                        1.4995664710825816       -5.221586780694694E-10   0.8460192232074382       -0.11338987633178604     0.8467635489114334       -0.11261008024940189     -1.3820519373449909      -1.382388307131883
-1.6                      0                        1.4995671768218024       -5.024185349478849E-10   0.8448805032034508       -0.11435575564952931     0.8456326666673232       -0.1135679972086329      -1.3813108265901117      -1.381650987791243
-1.5899999999999999       0                        1.49956793161242         -2.6824727312761174E-10  0.8437320751652728       -0.11533150943661417     0.8444921562275295       -0.11453573612452293     -1.380565072227257       -1.3809090921015519
-1.58                     0                        1.4995687388587853       -1.3138780852330033E-10  0.8425738393379818       -0.11631730129885624     0.8433419188685402       -0.11551339796529325     -1.3798146909503184      -1.380162575669738
-1.57                     0                        1.4995695987634396       7.204821894452451E-10    0.8414056954002948       -0.11731318668026194     0.8421818548517523       -0.11650108478414146     -1.3790595877289549      -1.3794113909500332
-1.56                     0                        1.4995705178076502       -9.8251892030683E-10     0.8402275415553243       -0.1183192933655174      0.8410118634125429       -0.11749889973497041     -1.378299742931884       -1.378655495234894
-1.55                     0                        1.499571495978696        1.2811536973194104E-9    0.8390392751823575       -0.11933571403228622     0.8398318427491698       -0.11850694708904298     -1.3775350951023748      -1.3778948398909605
-1.54                     0                        1.4995725364936519       -5.946018248566885E-10   0.837840792524722        -0.12036254662072263     0.8386416900115319       -0.11952533225010162     -1.3767655890448713      -1.3771293785500174
-1.53                     0                        1.499573642407504        8.162184157239622E-10    0.8366319890870458       -0.1213999135529049      0.8374413012897627       -0.12055416177122966     -1.3759911927828012      -1.3763590642487988
-1.52                     0                        1.4995748179983903       -7.859569662134539E-11   0.8354127587749763       -0.12244792770511807     0.8362305716026426       -0.12159354337150373     -1.3752118633986363      -1.3755838505872262
-1.51                     0                        1.499576067965262        3.160983810653834E-10    0.8341829947353729       -0.1235066873173566      0.8350093948858537       -0.12264358595551551     -1.374427542526114       -1.3748036910524968
-1.5                      0                        1.499577390955275        1.4066060474688533E-9    0.832942588856506        -0.12457631458542587     0.8337776639800358       -0.12370439962937994     -1.3736381887983975      -1.3740185336173458
-1.49                     0                        1.4995787917971566       6.026791427712377E-11    0.831691431905187        -0.1256568995547055      0.8325352706186839       -0.12477609571914527     -1.372843732159133       -1.3732283309620301
-1.48                     0                        1.4995802751868756       1.5133529446719309E-10   0.8304294137597195       -0.1267485892457617      0.8312821054158338       -0.12585878679516896     -1.3720441580548375      -1.3724330351925704
-1.47                     0                        1.4995818439266895       -9.144204482279347E-10   0.8291564228807907       -0.12785146684295107     0.8300180578535452       -0.12695258668528983     -1.371239384370185       -1.3716325963737588
-1.46                     0                        1.499583498199436        -4.091057459915529E-10   0.8278723466504482       -0.1289656647658044      0.8287430162691907       -0.12805761050086883     -1.3704293744184597      -1.370826961946174
-1.45                     0                        1.4995852435605916       2.9958826264877565E-12   0.8265770713215258       -0.13009131641795435     0.8274568678425355       -0.12917397465780878     -1.369614095237245       -1.3700160833573416
-1.44                     0                        1.4995870782902763       3.7662861712128235E-10   0.825270482152182        -0.13122845571440253     0.826159498582575        -0.1303017968970731      -1.3687934068442007      -1.3691999055782764
-1.43                     0                        1.4995890097506825       1.2687538061183184E-10   0.8239524629059826       -0.13237735611369547     0.8248507933141745       -0.1314411963083374      -1.3679674140445137      -1.3683783806464054
-1.42                     0                        1.4995910398447716       -1.3156058144457737E-9   0.8226228961624255       -0.13353798308792567     0.8235306356644332       -0.13259229335845832     -1.3671359073442548      -1.3675514556385113
-1.4100000000000001       0                        1.499593166777593        -1.5316074599484113E-10  0.8212816633117924       -0.13471057238365922     0.8221989080488236       -0.1337552099110584      -1.366298942685759       -1.3667190741530728
-1.4                      0                        1.499595391058617        -3.609068630931382E-10   0.8199286447605079       -0.13589515753509318     0.8208554916570658       -0.13493006925644183     -1.3654563742148889      -1.365881181270533
-1.3900000000000001       0                        1.499597717624515        6.245007935890837E-10    0.8185637194890357       -0.13709192131880157     0.8195002664387414       -0.13611699613766642     -1.3646082067947933      -1.365037725281885
-1.38                     0                        1.499600145315026        7.184491571525127E-11    0.8171867648018254       -0.13830104470333168     0.8181331110886133       -0.13731611677988764     -1.3637544359496652      -1.3641886490554067
-1.37                     0                        1.4996026721397706       -1.4349717332564102E-9   0.8157976572633066       -0.13952255343952052     0.8167539030316538       -0.13852755892110427     -1.36289490019694        -1.3633338943879596
-1.3599999999999999       0                        1.499605295430916        -1.395445366729491E-9    0.8143962722241366       -0.14075655978798998     0.8153625184077794       -0.1397514518388237      -1.3620295221945031      -1.3624734021390175
-1.35                     0                        1.4996080189404533       5.229574630584435E-10    0.812982483475895        -0.14200330150769538     0.8139588320562807       -0.1409879263887798      -1.361158352986272       -1.3616071180277842
-1.3399999999999999       0                        1.4996108357197853       1.3583589939148993E-9    0.8115561633205582       -0.14326289231911774     0.8125427174998584       -0.14223711503588143     -1.3602813086298027      -1.3607349786838694
-1.33                     0                        1.4996137404980179       -7.770663447793849E-10   0.8101171826814778       -0.14453539916484648     0.8111140469284015       -0.1434991518867093      -1.3593982577275336      -1.3598569217714942
-1.3199999999999998       0                        1.4996167297415284       -1.9816183911125684E-9   0.8086654115855818       -0.14582101248996365     0.80967269118234         -0.144774172730316       -1.358509192467021       -1.358972886042199
-1.31                     0                        1.4996197966302633       1.1824063829062257E-9    0.8072007183550298       -0.147119852890222       0.8082185197356336       -0.14606231507934447     -1.3576140299895942      -1.358082807278108
-1.2999999999999998       0                        1.4996229298574224       -1.2845825899541102E-9   0.805722970080654        -0.14843204248291175     0.8067514006783709       -0.14736371820276217     -1.3567126835286862      -1.3571866173546403
-1.29                     0                        1.499626121571456        1.5587673203855475E-9    0.8042320323511636       -0.14975777789611952     0.805271200698958        -0.14867852317410915     -1.3558051414144245      -1.356284250691477
-1.28                     0                        1.4996293597293333       -2.1686765504912267E-9   0.8027277691427537       -0.151097172283697       0.803777785065862        -0.15000687291653986     -1.3548913027602008      -1.35537563809952
-1.27                     0                        1.499632626062291        -4.919854244147961E-10   0.8012100432458991       -0.15245030626036238     0.8022710176088911       -0.15134891224546437     -1.3539710274406918      -1.354460705195952
-1.26                     0                        1.4996358997720038       1.0173241851610844E-9    0.7996787160745172       -0.15381747571129858     0.8007507607000277       -0.15270478791770328     -1.3530443866202282      -1.353539375433206
-1.25                     0                        1.4996391755273244       1.1142847532338468E-9    0.7981336469654079       -0.15519868926044697     0.7992168752337796       -0.15407464868547557     -1.3521111735562679      -1.3526115845285853
-1.24                     0                        1.4996424124529157       -6.772173362434837E-10   0.7965746942622667       -0.15659423698966649     0.7976692206068824       -0.15545864535262466     -1.3511714331920759      -1.3516772396829668
-1.23                     0                        1.499645590171756        -1.4124906792650274E-9   0.7950017147109827       -0.15800405213658417     0.7961076546976373       -0.15685693081859778     -1.3502248677818938      -1.3507362644878889
-1.22                     0                        1.4996486717665052       2.881220783072727E-9     0.7934145639753565       -0.15942855242283527     0.7945320338445436       -0.15826966014808053     -1.3492716494486796      -1.3497885693789904
-1.21                     0                        1.4996516362250174       -1.527069577631956E-9    0.7918130950013539       -0.16086775183250504     0.7929422128244208       -0.15969699063086812     -1.3483115553356806      -1.3488340775248966
-1.2                      0                        1.4996544209082585       -2.4100404754783894E-9   0.790197159505715        -0.16232179887640666     0.7913380448297357       -0.16113908184811235     -1.3473444625183006      -1.3478726792099232
-1.19                     0                        1.4996570002098941       -5.081373990076256E-9    0.7885666082679489       -0.16379092415735436     0.7897193814455146       -0.16259609573043066     -1.3463703583781572      -1.346904294316624
-1.18                     0                        1.4996593046457734       8.238724828447809E-10    0.7869212898937065       -0.16527528787576948     0.7880860726253137       -0.1640681966413675      -1.3453891222887204      -1.345928808315664
-1.17                     0                        1.4996612882887572       -5.303311856325467E-9    0.7852610515735348       -0.16677497068524563     0.7864379666666601       -0.16555555144677203     -1.3444005709309972      -1.344946125697286
-1.1600000000000001       0                        1.499662863834473        8.354916419491043E-9     0.7835857383616611       -0.16829033514223038     0.7847749101855844       -0.16705832958346004     -1.3434047675935292      -1.3439561188578149
-1.15                     0                        1.4996639782159173       -1.1597695696680552E-8   0.781895194048118        -0.1698212680461105      0.7830967480904948       -0.16857670316009718     -1.3424013253002178      -1.3429586877294366
-1.1400000000000001       0                        1.4996645504719683       1.672264428801923E-8     0.7801892602836711       -0.1713681351913989      0.7814033235550653       -0.17011084702902007     -1.341390311497768       -1.341953710985529
-1.13                     0                        1.4996644789436575       -1.9124058704005834E-8   0.7784677774989214       -0.17293112806293595     0.7796944779902872       -0.17166093888594658     -1.340371601980283       -1.3409410519564977
-1.12                     0                        1.4996636559861216       3.2547953836623737E-9    0.7767305837291603       -0.1745103844805222      0.7779700510156566       -0.17322715935077948     -1.339345011392029       -1.3399205703046286
-1.1099999999999999       0                        1.4996619859384015       2.770530255986489E-9     0.7749775153570204       -0.17610606884880012     0.7762298804294036       -0.17480969208027738     -1.3383103885867174      -1.3388921361097645
-1.1                      0                        1.4996593022723739       -1.916065496408939E-8    0.7732084072197871       -0.17771837064250237     0.7744738021774836       -0.1764087238781372      -1.3372675511248617      -1.3378555656798548
-1.0899999999999999       0                        1.4996554584925594       5.579862372895188E-9     0.7714230917564673       -0.17934752886832875     0.7727016503220654       -0.1780244447252661      -1.3362163792281214      -1.3368106924169605
-1.08                     0                        1.4996503906568788       8.579217018757657E-9     0.7696213995588139       -0.18099372842637834     0.7709132570084528       -0.1796570480464936      -1.3351567609326473      -1.3357574150817866
-1.0699999999999998       0                        1.4996438144757467       -4.658344478243233E-8    0.7678031595919851       -0.18265716837017723     0.7691084524302644       -0.18130673073109227     -1.3340884273872322      -1.3346954640791524
-1.06                     0                        1.4996355540207364       4.8821006622971045E-9    0.7659681982724269       -0.18433796159190555     0.7672870647952461       -0.18297369312670037     -1.3330111049704418      -1.333624655633864
-1.0499999999999998       0                        1.4996254673181741       1.2118685906173035E-8    0.7641163408679154       -0.18603645841983824     0.7654489202881769       -0.18465813950371132     -1.331924783179339       -1.3325448342990605
-1.04                     0                        1.4996132573411796       -2.2840316996416703E-8   0.7622474095691911       -0.18775277564996798     0.7635938430323871       -0.18636027786055542     -1.330829096413899       -1.3314557280960226
-1.03                     0                        1.4995987372263788       1.0835422947132516E-8    0.760361225113363        -0.18948711713869287     0.7617216550512435       -0.1880803202618616      -1.3297238501545945      -1.3303571522946935
-1.02                     0                        1.4995815378609492       5.217414032748742E-8     0.7584576055827985       -0.1912398019603533      0.7598321762269344       -0.1898184828645088      -1.3286088245425396      -1.329248786207127
-1.01                     0                        1.499561484666662        -1.0283135016285923E-7   0.7565363675733743       -0.19301090972253337     0.7579252242587585       -0.19157498617481386     -1.327483708285186       -1.3281304607305906
-1                        0                        1.4995380869952997       1.024746448699688E-7     0.7545973247741882       -0.19480081661273713     0.7560006146184978       -0.1933500551340241      -1.326348245456394       -1.327001770546317
-0.99                     0                        1.4995109995494884       -1.1499190495420011E-7   0.7526402884851054       -0.19660964902670625     0.7540581605062187       -0.19514391922750882     -1.325202040314222       -1.3258624252066373
-0.98                     0                        1.4994800052985064       1.674908113339388E-8     0.7506650680318094       -0.19843762550058205     0.7520976728027221       -0.19695681286376723     -1.3240448856903233      -1.3247122352629874
-0.97                     0                        1.49944439381951         4.3470095426398515E-8    0.7486714709051708       -0.20028508172398207     0.7501189600196575       -0.1987889754138719      -1.3228763215853467      -1.3235506447130683
-0.96                     0                        1.4994037501333035       4.262233681880286E-9     0.7466593010028293       -0.20215216548191406     0.7481218282513946       -0.20064065108947346     -1.3216959214774673      -1.3223773259261977
-0.95                     0                        1.4993576357531946       -2.9126171194351998E-8   0.7446283599378722       -0.20403928164915006     0.7461060811211925       -0.20251208989554798     -1.320503498920377       -1.3211919397065002
-0.94                     0                        1.4993055296760736       -1.6434454224608934E-8   0.7425784475602875       -0.20594655019708064     0.7440715197267705       -0.20440354695398794     -1.319298522842494       -1.3199940909548147
-0.9299999999999999       0                        1.4992467622049375       -1.244274241001004E-7    0.7405093604538756       -0.207874308000326       0.7420179425840673       -0.20631528354854473     -1.318080569043248       -1.3187832814656768
-0.9199999999999999       0                        1.4991805219982055       2.2039120189514753E-8    0.7384208927729193       -0.2098227732494101      0.7399451455692485       -0.20824756637094494     -1.3168489927310962      -1.317558915955489
-0.9099999999999999       0                        1.4991061059287032       6.732916228428308E-8     0.736312835695863        -0.21179219587964374     0.7378529218590069       -0.21020066865365702     -1.3156032637449901      -1.3163204890898286
-0.8999999999999999       0                        1.4990229970467823       -1.8478361059793532E-8   0.7341849780757045       -0.21378289326361014     0.7357410618673389       -0.21217486982110523     -1.3143430594853789      -1.3150676414318656
-0.8899999999999999       0                        1.4989300085897572       1.562801715975783E-8     0.7320371056788545       -0.21579520211690634     0.7336093531804523       -0.21417045588191325     -1.3130675872201327      -1.3137995299462149
-0.8799999999999999       0                        1.4988264542627412       -1.1535883206476215E-7   0.7298690011227813       -0.21782937519891465     0.7314575804911454       -0.21618771972547682     -1.3117763422280617      -1.312515691536624
-0.8699999999999999       0                        1.498711166639241        7.270243059333856E-8     0.7276804440428084       -0.2198857538931062      0.7292855255286995       -0.21822696104750045     -1.3104685611250646      -1.3112153218257296
-0.8599999999999999       0                        1.4985829386119665       1.1075130116730466E-8    0.7254712113211688       -0.22196454249709097     0.7270929669884623       -0.2202884870849489      -1.309143322237151       -1.3098976021986122
-0.8499999999999999       0                        1.4984405220909662       -6.715001509183979E-8    0.7232410765444225       -0.22406621944438362     0.7248796804584002       -0.22237261200878589     -1.3077999557792406      -1.308561698848004
-0.8400000000000001       0                        1.4982832124831822       1.5272225455381966E-7    0.7209898100397184       -0.22619097996089307     0.7226454383439056       -0.22447965843083473     -1.3064379087148417      -1.307207187279059
-0.8300000000000001       0                        1.4981089630188043       2.030626825459999E-7     0.7187171789073346       -0.2283391973701615      0.7203900097860031       -0.22660995625943012     -1.3050558449668288      -1.3058326867890455
-0.8200000000000001       0                        1.497916869250034        -4.5241469010815095E-7   0.7164229467405718       -0.2305112298631923      0.7181131605871296       -0.22876384383036236     -1.3036532473037137      -1.3044376611042823
-0.81                     0                        1.4977048774639194       8.375312691434283E-7     0.7141068737529785       -0.23270744920521344     0.7158146531230918       -0.23094166770989144     -1.3022287970555608      -1.3030207650524896
-0.8                      0                        1.4974718427650966       4.364804180391607E-7     0.7117687163892246       -0.2349281104136189      0.713494246262651        -0.2331437830463612      -1.3007817217675384      -1.3015813267995868
-0.79                     0                        1.497215734672511        -8.008941047370081E-7    0.7094082287906885       -0.2371736236073268      0.7111516952741828       -0.23537055482566285     -1.2993107860589024      -1.3001180627292
-0.78                     0                        1.4969332392077366       2.2613916567254503E-7    0.7070251591871751       -0.23944453521635126     0.7087867517413098       -0.23762235453675362     -1.2978139969597748      -1.2986288027284023
-0.77                     0                        1.4966236497465413       1.4537276489374936E-7    0.7046192531148542       -0.2417410174347276      0.7063991634840917       -0.2398995644720707      -1.2962908557131627      -1.2971132587035357
-0.76                     0                        1.4962836581128738       -2.9447654508659847E-7   0.7021902521833472       -0.2440635649699128      0.7039886744451356       -0.24220257651827265     -1.294739364198013       -1.295569325587073
-0.75                     0                        1.4959126545497647       1.8529730626277688E-7    0.6997378938888357       -0.24641255916360047     0.7015550246160924       -0.24453179043275222     -1.2931593294999102      -1.2939968296189366
-0.74                     0                        1.4955060787488372       -2.2200394064147086E-7   0.6972619118227263       -0.24878838178146925     0.6990979499233425       -0.24688761819681276     -1.2915478093923922      -1.2923928519480217
-0.73                     0                        1.4950621242694397       -2.3770432863083662E-7   0.6947620350732937       -0.2511915008976911      0.6966171821483117       -0.24927047774036024     -1.2899039049161285      -1.2907564418856063
-0.72                     0                        1.494577884340813        1.2211058855903623E-7    0.6922379888310676       -0.25362239146550974     0.6941124488224821       -0.25168080091080164     -1.288225980272986       -1.2890859161665278
-0.71                     0                        1.4940486933013386       -1.884090182607106E-7    0.6896894932062196       -0.25608142259030703     0.691583473129494        -0.2541190249338589      -1.286511108698722       -1.2873784092717808
-0.7                      0                        1.493472767306114        7.247475683595659E-7     0.6871162644074754       -0.2585691344614397      0.6890299738189671       -0.2565856002818029      -1.2847585633271112      -1.2856331020380751
-0.69                     0                        1.49284654851481         2.7931135339110064E-7    0.6845180134422395       -0.26108590207088594     0.6864516650964032       -0.2590809844879912      -1.2829662558343475      -1.2838479834494008
-0.6799999999999999       0                        1.4921660365059874       3.0277859915467093E-7    0.6818944480295444       -0.2636321707732028      0.683848256530348        -0.26160564807406383     -1.281131906604886       -1.282020790592483
-0.6699999999999999       0                        1.4914244375521721       -9.49900799495156E-7     0.6792452693155793       -0.2662085523525827      0.6812194529581125       -0.26416006546479753     -1.2792515461015443      -1.2801474049424488
-0.6599999999999999       0                        1.4906212495683624       8.713859161168657E-7     0.6765701740375213       -0.26881555408069535     0.6785649544114419       -0.26674472562186985     -1.2773254323251897      -1.2782280658799523
-0.6499999999999999       0                        1.4897484142128061       9.942218506585143E-7     0.6738688545847489       -0.2714535848242691      0.6758844559958863       -0.26936012143068244     -1.2753486423292988      -1.2762579179416391
-0.6399999999999999       0                        1.4888054606642926       -1.4095956523036117E-6   0.6711409978650121       -0.2741231348054903      0.673177647851191        -0.27200675710404304     -1.2733215173026027      -1.2742373152220405
-0.6299999999999999       0                        1.4877840075173165       6.824842952558777E-7     0.6683862854632588       -0.27682472655149215     0.6704442150105921       -0.2746851463054877      -1.2712391529076326      -1.272161327330748
-0.6199999999999999       0                        1.4866770987007034       -3.919328283985773E-7    0.6656043941089304       -0.27955901169416275     0.6676838373625562       -0.2773958048279915      -1.2690978212104669      -1.270026075007509
-0.6099999999999999       0                        1.4854815505799333       8.907092316247472E-7     0.6627949950844537       -0.2823263968192626      0.6648961895987697       -0.2801392581267754      -1.2668961338339362      -1.267830280826645
-0.5999999999999999       0                        1.4841898459003853       -5.941088273317811E-7    0.659957753889485        -0.2851274886198114      0.6620809411124051       -0.28291603762952733     -1.2646300856658104      -1.26556984759273
-0.5900000000000001       0                        1.4827992783368265       1.8714633167873272E-6    0.6570923313090082       -0.2879627942472679      0.6592377559749186       -0.2857266786526849      -1.2622988289129282      -1.2632439474646833
-0.5800000000000001       0                        1.4813001516565631       1.2638717695939067E-6    0.6541983819368853       -0.2908329289554795      0.6563662928719382       -0.2885717204339957      -1.259897091332066       -1.2608472096074537
-0.5700000000000001       0                        1.4796833233388158       -1.3521439160183734E-6   0.65127555567949         -0.2937383352686456      0.6534662050860914       -0.2914517051234176      -1.2574199139058073      -1.2583747511548096
-0.56                     0                        1.4779434044577748       -1.2051526716086864E-6   0.6483234959045778       -0.2966796147521655      0.650537140510507        -0.2943671686067844      -1.2548650494793434      -1.255824244779109
-0.55                     0                        1.4760759621267574       9.00390378176468E-7      0.6453418412114          -0.29965741000100354     0.6475787416147668       -0.2973186604541779      -1.2522309891677739      -1.2531940745360295
-0.54                     0                        1.4740666944540672       1.1937340497646489E-6    0.6423302242510532       -0.3026721815551072      0.6445906454328844       -0.3003067136785493      -1.249509771964797       -1.250476315667815
-0.53                     0                        1.4719149418305806       -1.9225273121402286E-6   0.6392882729626864       -0.3057244712613581      0.6415724836754343       -0.30333186617745245     -1.246702432372203       -1.2476719911666803
-0.52                     0                        1.4696053939708302       8.487242307405135E-7     0.6362156084921049       -0.3088147988729029      0.638523882681052        -0.3063946472385459      -1.2438006888413342      -1.2447727894058174
-0.51                     0                        1.4671321802777089       -1.121679760197857E-6    0.6331118478589364       -0.3119437871989073      0.6354444635903573       -0.30949557079716145     -1.2408025529078377      -1.2417765921098816
-0.5                      0                        1.4644867942406092       2.493232887561361E-6     0.6299766022630827       -0.3151120061381627      0.6323338424110282       -0.3126351491028218      -1.237704420833016       -1.238679710865195
-0.49                     0                        1.461657114977149        1.3536458757792037E-6    0.6268094773215733       -0.31831974280723985     0.6291916301067749       -0.3158138756146009      -1.2345002750694254      -1.235476298444239
-0.48                     0                        1.4586363724450864       -1.0656160524188815E-6   0.6236100745401805       -0.3215674860760043      0.6260174328495004       -0.31903221798709397     -1.2311878230235032      -1.2321640153260747
-0.47                     0                        1.4554165989082375       -2.6852236663037014E-6   0.6203779903548728       -0.3248560607447725      0.6228108521248715       -0.32229064374197025     -1.2277644855045888      -1.228739895904692
-0.45999999999999996      0                        1.4519822901811268       2.7099574811202187E-6    0.617112815952933        -0.3281856535020585      0.619571484959087        -0.32558957499677493     -1.2242225333095225      -1.2251963986585916
-0.44999999999999996      0                        1.448330698705461        -6.420964447066912E-7    0.6138141390277257       -0.3315566748199218      0.6162989242500372       -0.32892941795516095     -1.2205625356732388      -1.2215340695256414
-0.43999999999999995      0                        1.4444456568646291       -2.0667111010607695E-6   0.6104815432490723       -0.33496956573136155     0.6129927589588057       -0.3323105499532474      -1.2167769794735004      -1.2177452783207607
-0.42999999999999994      0                        1.4403140518622717       5.168716622671632E-7     0.6071146073147109       -0.33842463764233055     0.6096525745254163       -0.3357332992232322      -1.2128603376485536      -1.2138244690662001
-0.41999999999999993      0                        1.4359339349588622       -2.9607534372014076E-6   0.6037129076245232       -0.34192236036401424     0.6062779532493291       -0.33919796417740516     -1.208814211394752       -1.2097730512655194
-0.4099999999999999       0                        1.4312970766234547       -4.98785043098072E-7     0.6002760181213562       -0.3454627666846218      0.6028684746544205       -0.34270480351579063     -1.2046360765888868      -1.205588688877104
-0.3999999999999999       0                        1.426383789330365        -2.160635438091861E-6    0.5968035088785456       -0.3490462656671863      0.5994237159295531       -0.34625401746259443     -1.2003171161470243      -1.2012622888046787
-0.3899999999999999       0                        1.4211990467873685       1.3535951308799014E-6    0.5932949488815356       -0.35267293034881037     0.5959432525417242       -0.3498457597914647      -1.1958631461630091      -1.1967997422431271
-0.3799999999999999       0                        1.4157224092224463       5.540680416889436E-7     0.5897499062330915       -0.3563428823919612      0.5924266586150457       -0.3534801340543224      -1.1912650404829854      -1.1921918304764187
-0.3699999999999999       0                        1.409943741143226        3.2935981300799115E-6    0.5861679463102664       -0.3600563603375852      0.5888735076759027       -0.3571571615965487      -1.1865201874965239      -1.1874356780692452
-0.3599999999999999       0                        1.4038683787107555       -2.797874083863364E-7    0.5825486356206148       -0.36381303363566997     0.5852833732467031       -0.3608768244865975      -1.181634642244545       -1.1825376447728086
-0.34999999999999987      0                        1.3974844317542345       -2.9682054914762146E-6   0.5788915411652215       -0.36761300867095204     0.5816558294026613       -0.36463902220542804     -1.1766049251235646      -1.1774939884347442
-0.33999999999999986      0                        1.39077788924341         -1.2003935631801296E-6   0.5751962304284527       -0.37145626452676955     0.5779904515543094       -0.36844358831467705     -1.1714264637828191      -1.172299928530225
-0.33000000000000007      0                        1.3837580875924465       4.49391276586328E-8      0.5714622727150124       -0.3753423578467491      0.5742868172490836       -0.37229026819882305     -1.1661078994701077      -1.1669642961649678
-0.32000000000000006      0                        1.376422995155822        1.1728711482246865E-6    0.5676892409219666       -0.3792710611575179      0.570544506815559        -0.376178757166251       -1.1606515864650662      -1.161489336107024
-0.31000000000000005      0                        1.3687592587514679       6.232650049290378E-7     0.5638767104535385       -0.3832421024113284      0.5667631040573466       -0.3801086585186751      -1.1550535706389298      -1.15587090471589
-0.30000000000000004      0                        1.3607673361046841       2.4960066047393367E-6    0.5600242601681147       -0.3872549059029574      0.5629421972065802       -0.38407948915057444     -1.1493176265659195      -1.1501128432242904
-0.29000000000000004      0                        1.3524640781131811       1.4227054637979507E-6    0.5561314750108807       -0.3913089683030076      0.5590813796228936       -0.3880907103771754      -1.1434568109633219      -1.1442281930590976
-0.28                     0                        1.3438442802047497       -1.9409869250322373E-6   0.552197945189781        -0.3954036443644049      0.5551802504241286       -0.39214170234002754     -1.1374716945485082      -1.1382175063551332
-0.27                     0                        1.3349108129159872       -1.6734639750077305E-6   0.5482232665783704       -0.3995386067626184      0.5512384153825748       -0.3962317551675106      -1.1313677732102088      -1.1320858763563841
-0.26                     0                        1.3256926407715075       -2.070257218678596E-6    0.544207043021896        -0.40371259603020604     0.5472554875734386       -0.40036012873346744     -1.1251638680203568      -1.1258527012313981
-0.25                     0                        1.3161845374960923       -5.627659545356376E-6    0.5401488855357726       -0.4079252808144333      0.5432310877613753       -0.4045260126632217      -1.118860891902364       -1.1195183706619265
-0.24                     0                        1.3064089703061113       2.651122820110195E-6     0.5360484125564643       -0.41217549885642435     0.5391648451741998       -0.40872853980697055     -1.1124739535385404      -1.1130983300162507
-0.22999999999999998      0                        1.2963878886753244       4.452723094647446E-6     0.5319052522973887       -0.41646263073572176     0.535056397776835        -0.41296682125061557     -1.1060181577368493      -1.1066074550867513
-0.21999999999999997      0                        1.2861469817711875       1.985297513959686E-6     0.5277190408261415       -0.42078558317264714     0.5309053926047599       -0.4172399465967051      -1.0995098347543752      -1.1000623149013644
-0.20999999999999996      0                        1.2756961775760451       -3.183120672303919E-6    0.5234894229086963       -0.4251437096790001      0.5267114857185096       -0.42154700769027376     -1.0929571654851138      -1.0934708367067763
-0.19999999999999996      0                        1.2650847021229488       2.5850514832971683E-6    0.5192160528048393       -0.4295359445648814      0.5224743424365634       -0.425887080571883       -1.0863882300649448      -1.0868613784401264
-0.18999999999999995      0                        1.2543490687628351       -3.518733235626892E-6    0.5148985929295535       -0.4339615240197344      0.5181936368119668       -0.4302593400764709      -1.079824094568214       -1.0802550458503883
-0.17999999999999994      0                        1.2435202000094698       1.3935123440202405E-6    0.5105367133966184       -0.43841973376193766     0.5138690510653794       -0.43466298009137666     -1.073282449717078       -1.0736695252508737
-0.16999999999999993      0                        1.2326398167995471       -2.251598608529889E-6    0.5061300916628159       -0.4429098867360222      0.5095002748737353       -0.4390973198815464      -1.0667859902000136      -1.0671276453612264
-0.15999999999999992      0                        1.2217727307095279       4.871392782906933E-7     0.5016784110499413       -0.4474314342407504      0.5050870042900979       -0.44356178183862344     -1.060368436447254       -1.0606633103160314
-0.1499999999999999       0                        1.210957575396714        9.236379537449267E-7     0.4971813594644875       -0.45198403044231983     0.5006289401963377       -0.44805596491908534     -1.0540495640318777      -1.054296372512669
-0.1399999999999999       0                        1.2002580591554333       -2.8892399854464194E-7   0.49263862744759335      -0.45656751705217835     0.4961257865846684       -0.4525796722605106      -1.0478609998974233      -1.0480586459635874
-0.1299999999999999       0                        1.189739824344548        2.0903547548410846E-6    0.48804990600911446      -0.46118195256035716     0.4915772483481509       -0.4571329177288699      -1.0418343620070143      -1.0419819468303753
-0.11999999999999988      0                        1.179467428721627        -3.2779361700416957E-6   0.4834148840088747       -0.465827706222269       0.48698302864517207      -0.4617160423332741      -1.03599981646998        -1.0360966629604658
-0.10999999999999988      0                        1.1695145408803838       3.4011920830184574E-7    0.478733245193668        -0.47050546389178977     0.482342825912877        -0.4663296604774569      -1.0303909553486386      -1.0304366090719022
-0.09999999999999987      0                        1.1599565253383939       2.9956683892677344E-6    0.47400466457842744      -0.4752162774349255      0.47765633044828004      -0.47097478763260514     -1.0250410811535091      -1.0250353650052797
-0.08999999999999986      0                        1.1508764759452368       -1.648213842476323E-6    0.46922880452578747      -0.479961632349423       0.4729232204349502       -0.4756528446113476      -1.0199860253140578      -1.0199290539381956
-0.08000000000000007      0                        1.1423570596529316       -2.9416511773007966E-6   0.4644053104309393       -0.484743449338721       0.4681431575844366       -0.4803657100121575      -1.0152601342498158      -1.0151523510069536
-0.07000000000000006      0                        1.1344865716927228       -1.9174289054317515E-7   0.4595338057391877       -0.4895642005775449      0.4633157823134266       -0.48511577104683706     -1.0108991324275056      -1.0107413045347282
-0.06000000000000005      0                        1.1273562826655559       -1.399227869157085E-8    0.45461388667900166      -0.494426876152804       0.45844070844857454      -0.4899059667980786      -1.0069386974873837      -1.0067319796972274
-0.050000000000000044     0                        1.1210583144474704       4.4074549028305774E-7    0.44964511641767235      -0.4993350957526452      0.45351751748769187      -0.49473983058786797     -1.0034134920633775      -1.003159414315021
-0.040000000000000036     0                        1.1156873393121403       4.999909056929209E-7     0.44462701890066675      -0.5042930941473619      0.4485457524526835       -0.49962153221831007     -1.0003578298509355      -1.0000583493320065
-0.030000000000000027     0                        1.111340092208073        -5.1850439244782406E-8   0.4395590722491643       -0.5093057986920508      0.443524911306198        -0.5045559193886129      -0.9978054185763321      -0.9974629352162203
-0.020000000000000018     0                        1.1081152277498474       -3.128150870405345E-8    0.43444070165702503      -0.5143788910509498      0.4384544399853136       -0.5095485556841527      -0.9957892481114277      -0.9954065973064102
-0.010000000000000009     0                        1.1061084820583968       -1.2829775064790982E-9   0.4292712720522916       -0.5195187386817303      0.43333372507761037      -0.5146057524913974      -0.9943393338027676      -0.9939198613617036
0                         0                        NaN                      NaN                      NaN                      NaN                      NaN                      NaN                      NaN                      NaN
0.010000000000000231      0                        NaN                      NaN                      NaN                      NaN                      NaN                      NaN                      NaN                      NaN
0.020000000000000018      0                        NaN                      NaN                      NaN                      NaN                      NaN                      NaN                      NaN                      NaN
0.03000000000000025       0                        NaN                      NaN                      NaN                      NaN                      NaN                      NaN                      NaN                      NaN
0.040000000000000036      0                        NaN                      NaN                      NaN                      NaN                      NaN                      NaN                      NaN                      NaN
0.04999999999999982       0                        NaN                      NaN                      NaN                      NaN                      NaN                      NaN                      NaN                      NaN
0.06000000000000005       0                        NaN                      NaN                      NaN                      NaN                      NaN                      NaN                      NaN                      NaN
0.06999999999999984       0                        NaN                      NaN                      NaN                      NaN                      NaN                      NaN                      NaN                      NaN
0.08000000000000007       0                        NaN                      NaN                      NaN                      NaN                      NaN                      NaN                      NaN                      NaN
0.08999999999999986       0                        NaN                      NaN                      NaN                      NaN                      NaN                      NaN                      NaN                      NaN
0.10000000000000009       0                        NaN                      NaN                      NaN                      NaN                      NaN                      NaN                      NaN                      NaN
0.10999999999999988       0                        NaN                      NaN                      NaN                      NaN                      NaN                      NaN                      NaN                      NaN
0.1200000000000001        0                        NaN                      NaN                      NaN                      NaN                      NaN                      NaN                      NaN                      NaN
0.1299999999999999        0                        NaN                      NaN                      NaN                      NaN                      NaN                      NaN                      NaN                      NaN
0.14000000000000012       0                        NaN                      NaN                      NaN                      NaN                      NaN                      NaN                      NaN                      NaN
0.1499999999999999        0                        NaN                      NaN                      NaN                      NaN                      NaN                      NaN                      NaN                      NaN
0.16000000000000014       0                        NaN                      NaN                      NaN                      NaN                      NaN                      NaN                      NaN                      NaN
0.16999999999999993       0                        NaN                      NaN                      NaN                      NaN                      NaN                      NaN                      NaN                      NaN
0.18000000000000016       0                        NaN                      NaN                      NaN                      NaN                      NaN                      NaN                      NaN                      NaN
0.18999999999999995       0                        NaN                      NaN                      NaN                      NaN                      NaN                      NaN                      NaN                      NaN
0.20000000000000018       0                        NaN                      NaN                      NaN                      NaN                      NaN                      NaN                      NaN                      NaN
0.20999999999999996       0                        NaN                      NaN                      NaN                      NaN                      NaN                      NaN                      NaN                      NaN
0.2200000000000002        0                        NaN                      NaN                      NaN                      NaN                      NaN                      NaN                      NaN                      NaN
0.22999999999999998       0                        NaN                      NaN                      NaN                      NaN                      NaN                      NaN                      NaN                      NaN
0.2400000000000002        0                        NaN                      NaN                      NaN                      NaN                      NaN                      NaN                      NaN                      NaN
0.25                      0                        NaN                      NaN                      NaN                      NaN                      NaN                      NaN                      NaN                      NaN
0.26000000000000023       0                        NaN                      NaN                      NaN                      NaN                      NaN                      NaN                      NaN                      NaN
0.27                      0                        NaN                      NaN                      NaN                      NaN                      NaN                      NaN                      NaN                      NaN
0.28000000000000025       0                        NaN                      NaN                      NaN                      NaN                      NaN                      NaN                      NaN                      NaN
0.29000000000000004       0                        NaN                      NaN                      NaN                      NaN                      NaN                      NaN                      NaN                      NaN
0.30000000000000027       0                        NaN                      NaN                      NaN                      NaN                      NaN                      NaN                      NaN                      NaN
0.31000000000000005       0                        NaN                      NaN                      NaN                      NaN                      NaN                      NaN                      NaN                      NaN
0.31999999999999984       0                        NaN                      NaN                      NaN                      NaN                      NaN                      NaN                      NaN                      NaN
0.33000000000000007       0                        NaN                      NaN                      NaN                      NaN                      NaN                      NaN                      NaN                      NaN
0.33999999999999986       0                        NaN                      NaN                      NaN                      NaN                      NaN                      NaN                      NaN                      NaN
0.3500000000000001        0                        NaN                      NaN                      NaN                      NaN                      NaN                      NaN                      NaN                      NaN
0.3599999999999999        0                        NaN                      NaN                      NaN                      NaN                      NaN                      NaN                      NaN                      NaN
0.3700000000000001        0                        NaN                      NaN                      NaN                      NaN                      NaN                      NaN                      NaN                      NaN
0.3799999999999999        0                        NaN                      NaN                      NaN                      NaN                      NaN                      NaN                      NaN                      NaN
0.3900000000000001        0                        NaN                      NaN                      NaN                      NaN                      NaN                      NaN                      NaN                      NaN
0.3999999999999999        0                        NaN                      NaN                      NaN                      NaN                      NaN                      NaN                      NaN                      NaN
0.41000000000000014       0                        NaN                      NaN                      NaN                      NaN                      NaN                      NaN                      NaN                      NaN
0.41999999999999993       0                        NaN                      NaN                      NaN                      NaN                      NaN                      NaN                      NaN                      NaN
0.43000000000000016       0                        NaN                      NaN                      NaN                      NaN                      NaN                      NaN                      NaN                      NaN
0.43999999999999995       0                        NaN                      NaN                      NaN                      NaN                      NaN                      NaN                      NaN                      NaN
0.4500000000000002        0                        NaN                      NaN                      NaN                      NaN                      NaN                      NaN                      NaN                      NaN
0.45999999999999996       0                        NaN                      NaN                      NaN                      NaN                      NaN                      NaN                      NaN                      NaN
0.4700000000000002        0                        NaN                      NaN                      NaN                      NaN                      NaN                      NaN                      NaN                      NaN
0.48                      0                        NaN                      NaN                      NaN                      NaN                      NaN                      NaN                      NaN                      NaN
0.4900000000000002        0                        NaN                      NaN                      NaN                      NaN                      NaN                      NaN                      NaN                      NaN
0.5                       0                        NaN                      NaN                      NaN                      NaN                      NaN                      NaN                      NaN                      NaN
0.5100000000000002        0                        NaN                      NaN                      NaN                      NaN                      NaN                      NaN                      NaN                      NaN
0.52                      0                        NaN                      NaN                      NaN                      NaN                      NaN                      NaN                      NaN                      NaN
0.5300000000000002        0                        NaN                      NaN                      NaN                      NaN                      NaN                      NaN                      NaN                      NaN
0.54                      0                        NaN                      NaN                      NaN                      NaN                      NaN                      NaN                      NaN                      NaN
0.5500000000000003        0                        NaN                      NaN                      NaN                      NaN                      NaN                      NaN                      NaN                      NaN
0.56                      0                        NaN                      NaN                      NaN                      NaN                      NaN                      NaN                      NaN                      NaN
0.5699999999999998        0                        NaN                      NaN                      NaN                      NaN                      NaN                      NaN                      NaN                      NaN
0.5800000000000001        0                        NaN                      NaN                      NaN                      NaN                      NaN                      NaN                      NaN                      NaN
0.5899999999999999        0                        NaN                      NaN                      NaN                      NaN                      NaN                      NaN                      NaN                      NaN
0.6000000000000001        0                        NaN                      NaN                      NaN                      NaN                      NaN                      NaN                      NaN                      NaN
0.6099999999999999        0                        NaN                      NaN                      NaN                      NaN                      NaN                      NaN                      NaN                      NaN
0.6200000000000001        0                        NaN                      NaN                      NaN                      NaN                      NaN                      NaN                      NaN                      NaN
0.6299999999999999        0                        NaN                      NaN                      NaN                      NaN                      NaN                      NaN                      NaN                      NaN
0.6400000000000001        0                        NaN                      NaN                      NaN                      NaN                      NaN                      NaN                      NaN                      NaN
0.6499999999999999        0                        NaN                      NaN                      NaN                      NaN                      NaN                      NaN                      NaN                      NaN
0.6600000000000001        0                        NaN                      NaN                      NaN                      NaN                      NaN                      NaN                      NaN                      NaN
0.6699999999999999        0                        NaN                      NaN                      NaN                      NaN                      NaN                      NaN                      NaN                      NaN
0.6800000000000002        0                        NaN                      NaN                      NaN                      NaN                      NaN                      NaN                      NaN                      NaN
0.69                      0                        NaN                      NaN                      NaN                      NaN                      NaN                      NaN                      NaN                      NaN
0.7000000000000002        0                        NaN                      NaN                      NaN                      NaN                      NaN                      NaN                      NaN                      NaN
0.71                      0                        NaN                      NaN                      NaN                      NaN                      NaN                      NaN                      NaN                      NaN
0.7200000000000002        0                        NaN                      NaN                      NaN                      NaN                      NaN                      NaN                      NaN                      NaN
0.73                      0                        NaN                      NaN                      NaN                      NaN                      NaN                      NaN                      NaN                      NaN
0.7400000000000002        0                        NaN                      NaN                      NaN                      NaN                      NaN                      NaN                      NaN                      NaN
0.75                      0                        NaN                      NaN                      NaN                      NaN                      NaN                      NaN                      NaN                      NaN
0.7600000000000002        0                        NaN                      NaN                      NaN                      NaN                      NaN                      NaN                      NaN                      NaN
0.77                      0                        NaN                      NaN                      NaN                      NaN                      NaN                      NaN                      NaN                      NaN
0.7800000000000002        0                        NaN                      NaN                      NaN                      NaN                      NaN                      NaN                      NaN                      NaN
0.79                      0                        NaN                      NaN                      NaN                      NaN                      NaN                      NaN                      NaN                      NaN
0.8000000000000003        0                        NaN                      NaN                      NaN                      NaN                      NaN                      NaN                      NaN                      NaN
0.81                      0                        NaN                      NaN                      NaN                      NaN                      NaN                      NaN                      NaN                      NaN
0.8199999999999998        0                        NaN                      NaN                      NaN                      NaN                      NaN                      NaN                      NaN                      NaN
0.8300000000000001        0                        NaN                      NaN                      NaN                      NaN                      NaN                      NaN                      NaN                      NaN
0.8399999999999999        0                        NaN                      NaN                      NaN                      NaN                      NaN                      NaN                      NaN                      NaN
0.8500000000000001        0                        NaN                      NaN                      NaN                      NaN                      NaN                      NaN                      NaN                      NaN
0.8599999999999999        0                        NaN                      NaN                      NaN                      NaN                      NaN                      NaN                      NaN                      NaN
0.8700000000000001        0                        NaN                      NaN                      NaN                      NaN                      NaN                      NaN                      NaN                      NaN
0.8799999999999999        0                        NaN                      NaN                      NaN                      NaN                      NaN                      NaN                      NaN                      NaN
0.8900000000000001        0                        NaN                      NaN                      NaN                      NaN                      NaN                      NaN                      NaN                      NaN
0.8999999999999999        0                        NaN                      NaN                      NaN                      NaN                      NaN                      NaN                      NaN                      NaN
0.9100000000000001        0                        NaN                      NaN                      NaN                      NaN                      NaN                      NaN                      NaN                      NaN
0.9199999999999999        0                        NaN                      NaN                      NaN                      NaN                      NaN                      NaN                      NaN                      NaN
0.9300000000000002        0                        NaN                      NaN                      NaN                      NaN                      NaN                      NaN                      NaN                      NaN
0.94                      0                        NaN                      NaN                      NaN                      NaN                      NaN                      NaN                      NaN                      NaN
0.9500000000000002        0                        NaN                      NaN                      NaN                      NaN                      NaN                      NaN                      NaN                      NaN
0.96                      0                        NaN                      NaN                      NaN                      NaN                      NaN                      NaN                      NaN                      NaN
0.9700000000000002        0                        NaN                      NaN                      NaN                      NaN                      NaN                      NaN                      NaN                      NaN
0.98                      0                        NaN                      NaN                      NaN                      NaN                      NaN                      NaN                      NaN                      NaN
0.9900000000000002        0                        NaN                      NaN                      NaN                      NaN                      NaN                      NaN                      NaN                      NaN
1                         0                        NaN                      NaN                      NaN                      NaN                      NaN                      NaN                      NaN                      NaN
1.0100000000000002        0                        NaN                      NaN                      NaN                      NaN                      NaN                      NaN                      NaN                      NaN
1.02                      0                        NaN                      NaN                      NaN                      NaN                      NaN                      NaN                      NaN                      NaN
1.0300000000000002        0                        NaN                      NaN                      NaN                      NaN                      NaN                      NaN                      NaN                      NaN
1.04                      0                        NaN                      NaN                      NaN                      NaN                      NaN                      NaN                      NaN                      NaN
1.0500000000000003        0                        NaN                      NaN                      NaN                      NaN                      NaN                      NaN                      NaN                      NaN
1.06                      0                        NaN                      NaN                      NaN                      NaN                      NaN                      NaN                      NaN                      NaN
1.0700000000000003        0                        NaN                      NaN                      NaN                      NaN                      NaN                      NaN                      NaN                      NaN
1.08                      0                        NaN                      NaN                      NaN                      NaN                      NaN                      NaN                      NaN                      NaN
1.0899999999999999        0                        NaN                      NaN                      NaN                      NaN                      NaN                      NaN                      NaN                      NaN
1.1                       0                        NaN                      NaN                      NaN                      NaN                      NaN                      NaN                      NaN                      NaN
1.1099999999999999        0                        NaN                      NaN                      NaN                      NaN                      NaN                      NaN                      NaN                      NaN
1.12                      0                        NaN                      NaN                      NaN                      NaN                      NaN                      NaN                      NaN                      NaN
1.13                      0                        NaN                      NaN                      NaN                      NaN                      NaN                      NaN                      NaN                      NaN
1.1400000000000001        0                        NaN                      NaN                      NaN                      NaN                      NaN                      NaN                      NaN                      NaN
1.15                      0                        NaN                      NaN                      NaN                      NaN                      NaN                      NaN                      NaN                      NaN
1.1600000000000001        0                        NaN                      NaN                      NaN                      NaN                      NaN                      NaN                      NaN                      NaN
1.17                      0                        NaN                      NaN                      NaN                      NaN                      NaN                      NaN                      NaN                      NaN
1.1800000000000002        0                        NaN                      NaN                      NaN                      NaN                      NaN                      NaN                      NaN                      NaN
1.19                      0                        NaN                      NaN                      NaN                      NaN                      NaN                      NaN                      NaN                      NaN
1.2000000000000002        0                        NaN                      NaN                      NaN                      NaN                      NaN                      NaN                      NaN                      NaN
1.21                      0                        NaN                      NaN                      NaN                      NaN                      NaN                      NaN                      NaN                      NaN
1.2200000000000002        0                        NaN                      NaN                      NaN                      NaN                      NaN                      NaN                      NaN                      NaN
1.23                      0                        NaN                      NaN                      NaN                      NaN                      NaN                      NaN                      NaN                      NaN
1.2400000000000002        0                        NaN                      NaN                      NaN                      NaN                      NaN                      NaN                      NaN                      NaN
1.25                      0                        NaN                      NaN                      NaN                      NaN                      NaN                      NaN                      NaN                      NaN
1.2600000000000002        0                        NaN                      NaN                      NaN                      NaN                      NaN                      NaN                      NaN                      NaN
1.27                      0                        NaN                      NaN                      NaN                      NaN                      NaN                      NaN                      NaN                      NaN
1.2800000000000002        0                        NaN                      NaN                      NaN                      NaN                      NaN                      NaN                      NaN                      NaN
1.29                      0                        NaN                      NaN                      NaN                      NaN                      NaN                      NaN                      NaN                      NaN
1.3000000000000003        0                        NaN                      NaN                      NaN                      NaN                      NaN                      NaN                      NaN                      NaN
1.31                      0                        NaN                      NaN                      NaN                      NaN                      NaN                      NaN                      NaN                      NaN
1.3200000000000003        0                        NaN                      NaN                      NaN                      NaN                      NaN                      NaN                      NaN                      NaN
1.33                      0                        NaN                      NaN                      NaN                      NaN                      NaN                      NaN                      NaN                      NaN
1.3399999999999999        0                        NaN                      NaN                      NaN                      NaN                      NaN                      NaN                      NaN                      NaN
1.35                      0                        NaN                      NaN                      NaN                      NaN                      NaN                      NaN                      NaN                      NaN
1.3599999999999999        0                        NaN                      NaN                      NaN                      NaN                      NaN                      NaN                      NaN                      NaN
1.37                      0                        NaN                      NaN                      NaN                      NaN                      NaN                      NaN                      NaN                      NaN
1.38                      0                        NaN                      NaN                      NaN                      NaN                      NaN                      NaN                      NaN                      NaN
1.3900000000000001        0                        NaN                      NaN                      NaN                      NaN                      NaN                      NaN                      NaN                      NaN
1.4                       0                        NaN                      NaN                      NaN                      NaN                      NaN                      NaN                      NaN                      NaN
1.4100000000000001        0                        NaN                      NaN                      NaN                      NaN                      NaN                      NaN                      NaN                      NaN
1.42                      0                        NaN                      NaN                      NaN                      NaN                      NaN                      NaN                      NaN                      NaN
1.4300000000000002        0                        NaN                      NaN                      NaN                      NaN                      NaN                      NaN                      NaN                      NaN
1.44                      0                        NaN                      NaN                      NaN                      NaN                      NaN                      NaN                      NaN                      NaN
1.4500000000000002        0                        NaN                      NaN                      NaN                      NaN                      NaN                      NaN                      NaN                      NaN
1.46                      0                        NaN                      NaN                      NaN                      NaN                      NaN                      NaN                      NaN                      NaN
1.4700000000000002        0                        NaN                      NaN                      NaN                      NaN                      NaN                      NaN                      NaN                      NaN
1.48                      0                        NaN                      NaN                      NaN                      NaN                      NaN                      NaN                      NaN                      NaN
1.4900000000000002        0                        NaN                      NaN                      NaN                      NaN                      NaN                      NaN                      NaN                      NaN
1.5                       0                        NaN                      NaN                      NaN                      NaN                      NaN                      NaN                      NaN                      NaN
1.5100000000000002        0                        NaN                      NaN                      NaN                      NaN                      NaN                      NaN                      NaN                      NaN
1.52                      0                        NaN                      NaN                      NaN                      NaN                      NaN                      NaN                      NaN                      NaN
1.5300000000000002        0                        NaN                      NaN                      NaN                      NaN                      NaN                      NaN                      NaN                      NaN
1.54                      0                        NaN                      NaN                      NaN                      NaN                      NaN                      NaN                      NaN                      NaN
1.5500000000000003        0                        NaN                      NaN                      NaN                      NaN                      NaN                      NaN                      NaN                      NaN
1.56                      0                        NaN                      NaN                      NaN                      NaN                      NaN                      NaN                      NaN                      NaN
1.5700000000000003        0                        NaN                      NaN                      NaN                      NaN                      NaN                      NaN                      NaN                      NaN
1.58                      0                        NaN                      NaN                      NaN                      NaN                      NaN                      NaN                      NaN                      NaN
1.5899999999999999        0                        NaN                      NaN                      NaN                      NaN                      NaN                      NaN                      NaN                      NaN
1.6                       0                        NaN                      NaN                      NaN                      NaN                      NaN                      NaN                      NaN                      NaN
1.6099999999999999        0                        NaN                      NaN                      NaN                      NaN                      NaN                      NaN                      NaN                      NaN
1.62                      0                        NaN                      NaN                      NaN                      NaN                      NaN                      NaN                      NaN                      NaN
1.63                      0                        NaN                      NaN                      NaN                      NaN                      NaN                      NaN                      NaN                      NaN
1.6400000000000001        0                        NaN                      NaN                      NaN                      NaN                      NaN                      NaN                      NaN                      NaN
1.65                      0                        NaN                      NaN                      NaN                      NaN                      NaN                      NaN                      NaN                      NaN
1.6600000000000001        0                        NaN                      NaN                      NaN                      NaN                      NaN                      NaN                      NaN                      NaN
1.67                      0                        NaN                      NaN                      NaN                      NaN                      NaN                      NaN                      NaN                      NaN
1.6800000000000002        0                        NaN                      NaN                      NaN                      NaN                      NaN                      NaN                      NaN                      NaN
1.69                      0                        NaN                      NaN                      NaN                      NaN                      NaN                      NaN                      NaN                      NaN
1.7000000000000002        0                        NaN                      NaN                      NaN                      NaN                      NaN                      NaN                      NaN                      NaN
1.71                      0                        NaN                      NaN                      NaN                      NaN                      NaN                      NaN                      NaN                      NaN
1.7200000000000002        0                        NaN                      NaN                      NaN                      NaN                      NaN                      NaN                      NaN                      NaN
1.73                      0                        NaN                      NaN                      NaN                      NaN                      NaN                      NaN                      NaN                      NaN
1.7400000000000002        0                        NaN                      NaN                      NaN                      NaN                      NaN                      NaN                      NaN                      NaN
1.75                      0                        NaN                      NaN                      NaN                      NaN                      NaN                      NaN                      NaN                      NaN
1.7600000000000002        0                        NaN                      NaN                      NaN                      NaN                      NaN                      NaN                      NaN                      NaN
1.77                      0                        NaN                      NaN                      NaN                      NaN                      NaN                      NaN                      NaN                      NaN
1.7800000000000002        0                        NaN                      NaN                      NaN                      NaN                      NaN                      NaN                      NaN                      NaN
1.79                      0                        NaN                      NaN                      NaN                      NaN                      NaN                      NaN                      NaN                      NaN
1.8000000000000003        0                        NaN                      NaN                      NaN                      NaN                      NaN                      NaN                      NaN                      NaN
1.81                      0                        NaN                      NaN                      NaN                      NaN                      NaN                      NaN                      NaN                      NaN
1.8200000000000003        0                        NaN                      NaN                      NaN                      NaN                      NaN                      NaN                      NaN                      NaN
1.83                      0                        NaN                      NaN                      NaN                      NaN                      NaN                      NaN                      NaN                      NaN
1.8399999999999999        0                        NaN                      NaN                      NaN                      NaN                      NaN                      NaN                      NaN                      NaN
1.85                      0                        NaN                      NaN                      NaN                      NaN                      NaN                      NaN                      NaN                      NaN
1.8599999999999999        0                        NaN                      NaN                      NaN                      NaN                      NaN                      NaN                      NaN                      NaN
1.87                      0                        NaN                      NaN                      NaN                      NaN                      NaN                      NaN                      NaN                      NaN
1.88                      0                        NaN                      NaN                      NaN                      NaN                      NaN                      NaN                      NaN                      NaN
1.8900000000000001        0                        NaN                      NaN                      NaN                      NaN                      NaN                      NaN                      NaN                      NaN
1.9                       0                        NaN                      NaN                      NaN                      NaN                      NaN                      NaN                      NaN                      NaN
1.9100000000000001        0                        NaN                      NaN                      NaN                      NaN                      NaN                      NaN                      NaN                      NaN
1.92                      0                        NaN                      NaN                      NaN                      NaN                      NaN                      NaN                      NaN                      NaN
1.9300000000000002        0                        NaN                      NaN                      NaN                      NaN                      NaN                      NaN                      NaN                      NaN
1.94                      0                        NaN                      NaN                      NaN                      NaN                      NaN                      NaN                      NaN                      NaN
1.9500000000000002        0                        NaN                      NaN                      NaN                      NaN                      NaN                      NaN                      NaN                      NaN
1.96                      0                        NaN                      NaN                      NaN                      NaN                      NaN                      NaN                      NaN                      NaN
1.9700000000000002        0                        NaN                      NaN                      NaN                      NaN                      NaN                      NaN                      NaN                      NaN
1.98                      0                        NaN                      NaN                      NaN                      NaN                      NaN                      NaN                      NaN                      NaN
1.9900000000000002        0                        NaN                      NaN                      NaN                      NaN                      NaN                      NaN                      NaN                      NaN
2                         0                        NaN                      NaN                      NaN                      NaN                      NaN                      NaN                      NaN                      NaN
