% Model:              C1fullScale.mph
% Version:            COMSOL 5.6.0.280
% Date:               May 4 2021, 09:50
% Dimension:          2
% Nodes:              401
% Expressions:        6
% Description:        Velocity field, x component, Velocity field, y component, Dependent variable u2, Gradient of u2, x component, Gradient of u2, y component, 
% Length unit:        m
% x                       y                        u (m/s)                  v (m/s)                  u2 (1)                   u2x (1/m)                u2y (1/m)                -u*u2+u2x
-2                        0                        1.4993174364407515       6.311127622170258E-11    0.884213075565492        -0.0820312419326449      -5.582976624998357E-7    -1.407747323656891
-1.99                     0                        1.4993174670584004       8.245499127749062E-11    0.8833895475756215       -0.0826743560414493      -5.059211827970231E-7    -1.4071557349383965
-1.98                     0                        1.4993175008351358       1.479750063082195E-10    0.8825595781030202       -0.08332332486054432     6.741816532904751E-7     -1.4065603458400764
-1.97                     0                        1.499317538134624        1.4445251829269194E-10   0.8817230419408084       -0.08398390758176369     3.452061352301736E-7     -1.4059667281410284
-1.96                     0                        1.4993175790357043       1.366266475127142E-10    0.8808798993183561       -0.08464576869848597     -6.980865940998229E-10   -1.4053644867656987
-1.95                     0                        1.4993176241179584       1.7890286453151772E-10   0.8800300756061579       -0.08531897374113225     -5.109437361802704E-7    -1.4047635758513042
-1.94                     0                        1.4993176738464808       1.8406024672523397E-10   0.8791735191350806       -0.08599287159196335     6.244655542663532E-8     -1.404153267208997
-1.93                     0                        1.499317728315928        9.163544200385368E-11    0.878310160227763        -0.08668125251546478     1.1502613247366414E-6    -1.403547246704953
-1.92                     0                        1.4993177880291442       8.133469017366967E-11    0.8774398905910359       -0.08737267482995101     4.4402449923562206E-7    -1.4029339107194372
-1.91                     0                        1.4993178532382556       2.1155015780951174E-10   0.8765626841595002       -0.08807203752437322     -9.714123215422727E-7    -1.4023181193671583
-1.9                      0                        1.4993179250215936       1.7119601245868738E-10   0.8756784364509248       -0.08877807087627416     -1.8370563604305054E-6   -1.4016984472020282
-1.89                     0                        1.4993180033455928       7.28006638935119E-11     0.8747871123678348       -0.08948922602731428     8.774243327305612E-7     -1.4010732926951133
-1.88                     0                        1.499318088827596        1.7706295164631034E-10   0.8738886090383684       -0.09021285379654678     6.128368552573754E-7     -1.4004498529481595
-1.87                     0                        1.4993181822290922       1.6093001798215666E-10   0.872982852315995        -0.09093849067817512     -1.5454520795095407E-6   -1.3998175539297608
-1.8599999999999999       0                        1.4993182838735346       1.950916921678661E-10    0.8720697952893322       -0.09167546567879113     6.105098508085056E-7     -1.399185654569937
-1.85                     0                        1.4993183947545177       1.5880426434134938E-10   0.8711493234328582       -0.09241890561602695     3.0124713966642675E-7    -1.3985491108168642
-1.84                     0                        1.4993185154619555       1.559452941909455E-10    0.8702214063816581       -0.09316819780959491     1.0409579300031572E-6    -1.3979072649489577
-1.83                     0                        1.4993186466559834       1.1545625973889924E-10   0.8692859254004224       -0.093927998437566       4.2443849385788184E-7    -1.3972645956660215
-1.82                     0                        1.4993187889093467       1.572184346797012E-10    0.8683428298130433       -0.09469447499284964     -5.608835175394295E-7    -1.3966171949462567
-1.81                     0                        1.499318943853086        1.3276525734735663E-10   0.8673920196282474       -0.09546756196633167     -1.8719220138628993E-6   -1.395964848741951
-1.8                      0                        1.499319111773716        1.5498985510520442E-10   0.866433463330029        -0.09624833649406916     -5.910925692853261E-7    -1.3953085871450728
-1.79                     0                        1.4993192938603694       4.925183104465907E-10    0.8654670111826857       -0.09704209297459303     -3.553522433951139E-8    -1.3946534810404616
-1.78                     0                        1.4993194911906107       7.218993579673741E-11    0.864492621470537        -0.09783584945511607     5.200221277117307E-7     -1.3939864868163587
-1.77                     0                        1.4993197043600701       -5.669691385932163E-11   0.8635102386075072       -0.0986449621259932      1.742050202796192E-7     -1.3933228777868947
-1.76                     0                        1.499319934871415        1.0254882951359065E-10   0.8625197178861381       -0.0994591821478271      -5.552371976127382E-7    -1.3926521893941828
-1.75                     0                        1.4993201839814687       -2.4556028533040417E-10  0.8615210286152458       -0.1002818642390327      1.106351681999461E-6     -1.391977731366347
-1.74                     0                        1.4993204534323197       6.604638804956005E-11    0.8605140635117416       -0.10111263122542788     7.32664013785239E-7      -1.3912989671147402
-1.73                     0                        1.4993207434838145       -7.859370726543919E-10   0.8594987447072784       -0.10195396394727517     -6.394046524472369E-7    -1.390618260885197
-1.72                     0                        1.4993210566215507       3.9075594639812325E-11   0.8584749762856222       -0.10279972038397571     -5.536445120069865E-7    -1.3899293289116954
-1.71                     0                        1.4993213938039116       -7.341308486311312E-10   0.8574426932101457       -0.10365950368177057     3.6189121358531303E-7    -1.3892416775725858
-1.7                      0                        1.499321756361606        -3.902457558460333E-10   0.8564017845652176       -0.10452320171113315     3.572012383545285E-7     -1.3885450294966688
-1.69                     0                        1.4993221472132312       -5.376040026396916E-10   0.8553521749723705       -0.1053997752556315      -1.809720002645458E-6    -1.3878482348587133
-1.68                     0                        1.4993225663435068       -3.0658112530147015E-10  0.85429377261927         -0.10628210760001992     6.84919812349529E-7      -1.3871440391748202
-1.67                     0                        1.4993230164702869       -3.8862893578399004E-10  0.853226474475047        -0.10717752124456027     -5.689833080554456E-7    -1.386439612686796
-1.66                     0                        1.499323500355773        -4.259337508894428E-10   0.8521502201947216       -0.10807457102603212     3.228299380922036E-7     -1.385723421997325
-1.65                     0                        1.499324018266066        -7.212935887042484E-10   0.8510648933426216       -0.10899106174327783     1.5302805571280626E-6    -1.3850130974349182
-1.6400000000000001       0                        1.4993245739159322       -1.0106538629089312E-9   0.8499703972485037       -0.1099084710656611      1.9592053804278574E-7    -1.3842899747614295
-1.63                     0                        1.4993251685686706       -1.1043555505202148E-9   0.8488666780460967       -0.11084066324498724     -1.2124335032039778E-8   -1.3835678383987786
-1.62                     0                        1.4993258039685755       -1.6485828384726546E-9   0.847753573459013        -0.11178025417178464     4.442502526072915E-7     -1.3828390622654523
-1.6099999999999999       0                        1.499326481805108        -1.1810856494653733E-9   0.8466310467429035       -0.1127299253732912      -6.057448500956897E-7    -1.3821062740733046
-1.6                      0                        1.4993272081815687       -9.49948342743249E-10    0.8454989538789364       -0.11368864742013612     -2.9300826601127235E-6   -1.3813682334598787
-1.5899999999999999       0                        1.4993279834782618       -1.2498726047547913E-9   0.8443572600569851       -0.11465171756447756     4.169821964869657E-7     -1.3806201856209475
-1.58                     0                        1.4993288077895002       -1.4634685363546996E-9   0.8432058195692589       -0.1156377574132994      9.006676531156857E-7     -1.3798805335892448
-1.57                     0                        1.4993296866835029       -1.4328609471758834E-9   0.8420445037414797       -0.11662540814249153     -1.0180313839147086E-7   -1.3791277301107698
-1.56                     0                        1.4993306218782771       -1.691958653113933E-9    0.8408733046359355       -0.11761909676358738     2.436041957373663E-7     -1.3783661915242265
-1.55                     0                        1.4993316159696515       -2.2952736490892857E-9   0.8396920357646628       -0.11863482257984913     8.361705685830739E-7     -1.3776116394797273
-1.54                     0                        1.4993326708384522       -2.735053388376569E-9    0.8385006076607348       -0.1196507982057801      5.564518485795516E-7     -1.3768421537894149
-1.53                     0                        1.4993337900869903       -2.716434705970438E-9    0.837298976864032        -0.120680878612556       -1.8154605116726372E-6   -1.3760715270300643
-1.52                     0                        1.4993349771522384       -2.301681242448821E-9    0.8360869529018424       -0.12172391382539698     8.753948436508506E-7     -1.3752983262517655
-1.51                     0                        1.499336233592275        -3.6310266939960723E-9   0.8348644916825402       -0.12277037517384154     4.0023720359198885E-7    -1.3745129576930706
-1.5                      0                        1.499337563986778        -3.5158852340856374E-9   0.8336314747653372       -0.12383601750748174     -2.508867594045756E-6    -1.3737310021448477
-1.49                     0                        1.4993389673559565       -3.36861238397512E-9     0.8323877544348044       -0.12490804859907458     4.4480918840335814E-7    -1.3729394447730976
-1.48                     0                        1.4993404453606478       -3.0835179612507167E-9   0.8311332701186644       -0.1259932739125313      -3.111283754869337E-7    -1.3721450012863012
-1.47                     0                        1.4993420056069577       -3.0391073188152597E-9   0.829867877565647        -0.1270855963346314      -2.432260552631146E-6    -1.3713413642726977
-1.46                     0                        1.499343646279548        -3.805326820654484E-9    0.8285915101558763       -0.12819304528857617     1.5842400387408245E-6    -1.3705364614019648
-1.45                     0                        1.4993453722929806       -5.6167690249379916E-9   0.8273039829328059       -0.12931281148818502     2.1708268465492655E-6    -1.3697272097780386
-1.44                     0                        1.499347183329767        -6.642047280622025E-9    0.8260052519169412       -0.13043396969073506     -3.146992838779562E-8    -1.3689026175679955
-1.43                     0                        1.4993490806373362       -6.482987530367014E-9    0.8246951799784404       -0.1315825910954547      -9.575717947310186E-7    -1.3680885510021719
-1.42                     0                        1.4993510630106162       -6.825711026934781E-9    0.8233735997307262       -0.13273345844738435     7.763433683769719E-7     -1.3672595404585262
-1.4100000000000001       0                        1.4993531368419812       -6.340314401051748E-9    0.8220404875170263       -0.13389356105192887     -2.478011589450124E-6    -1.3664225446216938
-1.4                      0                        1.499355295406115        -7.3325673925694E-9      0.8206956451152762       -0.1350751596891042      1.1314666020951758E-7    -1.365589521109431
-1.3900000000000001       0                        1.4993575401758685       -7.575392844092238E-9    0.8193389823345065       -0.13625958587725867     1.4480415955788316E-6    -1.3647416670005237
-1.38                     0                        1.4993598725727242       -7.931362721772638E-9    0.8179703901858041       -0.13746224683509367     -1.417249417489675E-6    -1.3638942268323424
-1.37                     0                        1.499362287554813        -7.918463865089503E-9    0.8165897161387152       -0.13867256258264207     1.1680215859967955E-6    -1.3630363873661215
-1.3599999999999999       0                        1.4993647857736383       -8.345904033298652E-9    0.8151968705277928       -0.13990020674918213     -3.368248620242753E-7    -1.3621776878914265
-1.35                     0                        1.4993673567089538       -9.226963430217529E-9    0.8137916968761029       -0.14113698821152618     2.1546884992232188E-7    -1.3613096936683426
-1.3399999999999999       0                        1.4993700001582224       -8.569497794359823E-9    0.8123740869913642       -0.14238704459851156     -5.040654900373347E-7    -1.360436379539289
-1.33                     0                        1.4993727075606016       -1.0929639435835901E-8   0.8109439097859101       -0.14365185359769378     -1.362670968760247E-7    -1.3595590192931741
-1.3199999999999998       0                        1.4993754694425767       -8.104669324532669E-9    0.8095010314724956       -0.14492698062101944     -9.092496176443773E-7    -1.3586729696993427
-1.31                     0                        1.4993782767100263       -1.2265528550092217E-8   0.8080453246582852       -0.14621803876964248     1.6574733774741609E-6    -1.3577836451593759
-1.2999999999999998       0                        1.4993811151995007       -1.2526808845173844E-8   0.8065766344417401       -0.14752000453935404     -2.0918774726086074E-6   -1.3568857781824704
-1.29                     0                        1.4993839798143265       -1.0987083386785192E-8   0.8050948943336529       -0.14883315162177782     1.3372057651607323E-6    -1.355979538415965
-1.28                     0                        1.4993868418693153       -1.3697105417818626E-8   0.8035998859531818       -0.15016852447241713     1.5676849050755486E-6    -1.3550756195983003
-1.27                     0                        1.4993896892164142       -1.582804486181778E-8    0.8020915221313628       -0.15150480579023554     -1.3422361554333205E-6   -1.3541525638819003
-1.26                     0                        1.4993925010008862       -1.2585665420557985E-8   0.8005696793623446       -0.1528686918351082      6.513387361338464E-7     -1.3532368655996914
-1.25                     0                        1.4993952411349012       -1.4420517764206453E-8   0.799034147298236        -0.1542377209866105      5.775470396591852E-7     -1.3523057189498693
-1.24                     0                        1.4993978969336148       -1.8335728998505052E-8   0.7974848861541518       -0.15562300116235878     -1.366503400520782E-6    -1.3513701622982373
-1.23                     0                        1.4994004168826638       -1.3022849717723036E-8   0.7959216461471622       -0.1570250002355717      3.559569093404443E-7     -1.3504302482745627
-1.22                     0                        1.4994027790272366       -2.2545025923279477E-8   0.7943443710287309       -0.1584350335893892      -1.539311042455397E-6    -1.3494771910145107
-1.21                     0                        1.499404930605022        -1.5627388522110718E-8   0.7927528641795597       -0.15986723247212678     -9.724775797680672E-8    -1.348524785774212
-1.2                      0                        1.4994068291581117       -2.4977845845219897E-8   0.7911470013972912       -0.16131047215318775     -7.57917192990284E-7     -1.3475616889162483
-1.19                     0                        1.4994084085590313       -2.598981591466899E-8    0.7895266236130156       -0.16276650855927194     -9.981079546642001E-7    -1.346589366785849
-1.18                     0                        1.4994096223592586       -1.4102284828080927E-8   0.7878915894033848       -0.1642441330546683      2.3652344110471804E-6    -1.3456163635820333
-1.17                     0                        1.499410387869378        -3.277495523502945E-8    0.7862417321489087       -0.1657279761386377      8.123077944320418E-7     -1.3446269966991244
-1.1600000000000001       0                        1.4994106490564478       -2.330567962823322E-8    0.7845769422058176       -0.1672369086547442      6.854041482216468E-7     -1.3436399308022924
-1.15                     0                        1.4994103019015006       -2.5466814176505036E-8   0.7828969863659033       -0.16875425932811516     4.805007913500654E-7     -1.3426380660127895
-1.1400000000000001       0                        1.4994092674868618       -2.0880077649299532E-8   0.7812017632955514       -0.1702925014381881      -1.5118624207415824E-6   -1.3416336651006155
-1.13                     0                        1.4994074458186322       -3.624697240330859E-8    0.7794911274336407       -0.1718401332951705      2.1635071431649743E-7    -1.3406149337187316
-1.12                     0                        1.499404652868156        -9.326608420383976E-9    0.7777648620740841       -0.1734129386161841      5.62174045070588E-7      -1.3395971916474254
-1.1099999999999999       0                        1.4994008322078705       -5.4166501563675294E-8   0.7760228582334295       -0.17499205833719245     -2.6433710104812655E-6   -1.338561377784727
-1.1                      0                        1.4993958084641734       -1.4512931800054717E-8   0.7742649221861391       -0.17659719531427007     1.0955157793951473E-7    -1.3375267742810062
-1.0899999999999999       0                        1.4993894723402619       -6.599115963246167E-8    0.7724908883094868       -0.1782143847169726      5.108004209206716E-7     -1.336479090126994
-1.08                     0                        1.4993815821501875       -1.0319486070171763E-9   0.7707006072615371       -0.1798453065020844      -5.371811641513933E-7    -1.3354196023819982
-1.0699999999999998       0                        1.4993719822981553       -7.456472354238687E-8    0.7688938911945894       -0.18150042783781473     6.975093542682878E-7     -1.3343583856551884
-1.06                     0                        1.4993604964928364       -2.2716641175411347E-8   0.7670705742429987       -0.18316924070250196     -4.5471331154420704E-7   -1.3332845577445296
-1.0499999999999998       0                        1.499346766069696        -1.5429861034929725E-8   0.7652304571690783       -0.18485417408160223     1.542579342223243E-7     -1.3321999853360948
-1.04                     0                        1.499330632151395        -8.38383908385313E-8     0.763373452166101        -0.18655665043548778     1.5118995341377653E-6    -1.3311058510392808
-1.03                     0                        1.4993117809617296       -8.859943416518102E-8    0.7614992609329829       -0.18828159618810847     -5.373149893812357E-7    -1.33000640929858
-1.02                     0                        1.4992900437753438       -1.3694659891437419E-8   0.759607785020032        -0.19002153308380604     4.285986252908081E-7     -1.3288939223385818
-1.01                     0                        1.4992648879699733       -1.0056845244935125E-7   0.7576987870045503       -0.19177794417651373     4.994864055032004E-6     -1.3277691311898754
-1                        0                        1.499236022874107        -3.704291144362866E-8    0.7557721680458133       -0.19355214404272353     -2.418550002781156E-6    -1.3266330034626699
-0.99                     0                        1.4992029267500195       -1.0033327883946225E-7   0.7538276395135478       -0.19535496204927327     -3.141202213261648E-6    -1.3254955654730427
-0.98                     0                        1.4991655226350349       -5.475795420730817E-9    0.7518650656087059       -0.1971601934257725      3.551161787254637E-7     -1.324330377460073
-0.97                     0                        1.4991230926210903       -1.3017305245403768E-7   0.7498842420763637       -0.19900451304267647     2.4371081475283922E-6    -1.3231732971320174
-0.96                     0                        1.499074828528161        -5.606171125645722E-8    0.7478849727514143       -0.20085038191622998     1.6180306123399028E-6    -1.3219859192023447
-0.95                     0                        1.49902063268531         -5.7574980302546905E-8   0.7458671358201837       -0.20272844273459817     -2.1495306840462665E-6   -1.3207986685709499
-0.94                     0                        1.4989597489618554       5.803456951907556E-8     0.7438303692871076       -0.2046248638806416      4.831644327887153E-7     -1.3195966474974485
-0.9299999999999999       0                        1.4988915826853708       -7.665303161501878E-8    0.7417746202906641       -0.20653289602083483     -3.6002507993928973E-7   -1.3183726306241483
-0.9199999999999999       0                        1.4988150937901064       5.0811724039815694E-8    0.7396996140568112       -0.20847148754709993     -2.899959209790324E-6    -1.3171444339661649
-0.9099999999999999       0                        1.498729985053083        -1.397468613962668E-7    0.7376051648559614       -0.2104222774554235      1.993284339292204E-6     -1.3158932551550753
-0.8999999999999999       0                        1.4986350180270833       -1.0280012533180059E-7   0.7354910315571788       -0.21240438230107836     -1.7475035442889483E-6   -1.3146369976375292
-0.8899999999999999       0                        1.49852914174192         -1.0089087880744888E-7   0.7333570649032639       -0.21439224392997994     7.894698573910895E-7     -1.3133491769898415
-0.8799999999999999       0                        1.4984118665058854       -2.1102212051014254E-7   0.7312029998078097       -0.21642195167083172     3.957358042157581E-6     -1.3120652034075544
-0.8699999999999999       0                        1.4982818975798522       -7.388730737597422E-8    0.7290286112194991       -0.218455872297476       1.5896913561145766E-7    -1.3107462433054315
-0.8599999999999999       0                        1.4981380539481304       1.059242748955467E-7     0.7268337287205962       -0.220525023056453       -3.728644698099866E-6    -1.3094222909457902
-0.8499999999999999       0                        1.4979788832193612       -2.832972016647614E-7    0.7246180786466835       -0.2226078366118232      1.5212228271294072E-6    -1.3080704168235413
-0.8400000000000001       0                        1.4978034343975768       -1.3541241124557283E-7   0.722381426401842        -0.2247226123564465      -1.8550957024769714E-6   -1.3067079937661459
-0.8300000000000001       0                        1.4976101400671855       -2.7974727895063013E-7   0.7201236082267427       -0.2268456839817828      2.0106657352106444E-6    -1.305310101763922
-0.8200000000000001       0                        1.4973973493970298       -2.9074824967966515E-7   0.717844317411938        -0.22901473089457675     2.0828025319245248E-6    -1.3039129090669328
-0.81                     0                        1.4971631367933593       -1.8659122218947544E-7   0.7155433133827894       -0.2311860749351678      1.338242522523502E-6     -1.3024711465108585
-0.8                      0                        1.4969062916938078       1.2501858191318567E-7    0.7132204843530594       -0.2333936187504992      -2.6442109650269144E-6   -1.301017849143499
-0.79                     0                        1.4966238318962166       -7.344817049128426E-8    0.7108753897226997       -0.23562530732143808     8.775877421970541E-7     -1.2995383570889412
-0.78                     0                        1.4963154698722418       -4.674311084426338E-7    0.7085079286589289       -0.23787748474381587     -7.925192150594961E-7    -1.2980288589233098
-0.77                     0                        1.4959775206021524       2.9846461772477254E-7    0.7061177709351504       -0.24015787476775707     -2.2628209734649507E-6   -1.296494186984442
-0.76                     0                        1.4956082872805831       -6.339367405699733E-7    0.7037047141961241       -0.24246298103819383     1.8838596364171563E-6    -1.2949295833883312
-0.75                     0                        1.495204793001624        -3.6273191351679404E-7   0.7012684325686988       -0.24479334444684744     1.1881472962747378E-6    -1.293333266004302
-0.74                     0                        1.4947642465259987       1.0757909390963581E-7    0.6988087504100774       -0.24715465441641601     -1.0457252340751096E-6   -1.29170898968891
-0.73                     0                        1.4942844697488515       1.844993422812441E-7     0.6963253037047825       -0.24953468664254008     -7.41537785127294E-7     -1.290042773861749
-0.72                     0                        1.4937616441194175       -4.928497530736736E-7    0.6938179367370466       -0.2519531888034996      -2.2213690604168508E-6   -1.2883518107033722
-0.71                     0                        1.4931913544711914       -8.172962089107022E-7    0.6912861986820631       -0.2543941781214728      2.432110969804429E-7     -1.2866167534587838
-0.7                      0                        1.4925730868519136       -3.154318941768731E-7    0.6887300295143272       -0.2568519143341592      3.4895916534188317E-6    -1.2848318204939682
-0.69                     0                        1.4919006587799553       -4.5946813542158564E-7   0.6861489510102251       -0.259363640519819       8.332285041957974E-7     -1.2830297125531491
-0.6799999999999999       0                        1.4911717292319218       -9.531648620003833E-8    0.6835427638299616       -0.2618737955328488      2.823359271723934E-6     -1.2811534406771397
-0.6699999999999999       0                        1.4903811859009732       7.221048394709191E-7     0.680911180236088        -0.2644450760172272      -6.814476210046922E-7    -1.2792622883107194
-0.6599999999999999       0                        1.4895251595332542       -5.668085481761307E-7    0.6782538410731632       -0.26702275656771246     3.536190547911292E-6     -1.2772989173962581
-0.6499999999999999       0                        1.488598002281378        1.3226100538365808E-6    0.6755705448665152       -0.2696469315585182      -2.2932773408954113E-6   -1.2752998950469547
-0.6399999999999999       0                        1.4875950414866776       2.599781947151721E-8     0.6728608396710859       -0.2722941709088604      -5.018745775915776E-7    -1.2732386196141303
-0.6299999999999999       0                        1.486513737551549        3.5691845883222174E-7    0.6701245644976658       -0.27497625301224254     6.799266546808496E-7     -1.2711256240087716
-0.6199999999999999       0                        1.4853420305873062       -2.2082702420595187E-8   0.6673612531984865       -0.27768600682363204     6.010271234827921E-7     -1.2689457257847614
-0.6099999999999999       0                        1.4840796048524953       9.728646952873805E-8     0.6645707518544836       -0.2804319700216412      -2.112041433870249E-6    -1.2667078688303688
-0.5999999999999999       0                        1.4827201528310048       1.4688806204566156E-6    0.6617525301366529       -0.28321237354449497     1.507424125638696E-6     -1.264406186165017
-0.5900000000000001       0                        1.4812580620227704       -1.967452610052599E-6    0.6589064319195891       -0.286020495992203       -9.876717848270565E-7    -1.262030960391752
-0.5800000000000001       0                        1.4796831396712216       1.1715495857295856E-6    0.6560320155147449       -0.28887078490254375     -3.706691609737241E-7    -1.259590297344241
-0.5700000000000001       0                        1.4779886116236098       -2.3659734759790027E-6   0.6531289697950652       -0.2917462225488189      -1.854021725934591E-7    -1.2570634018273859
-0.56                     0                        1.47617000881841         3.330331231817541E-6     0.6501969337060417       -0.2946670877341538      3.898635993696765E-7     -1.2544683010967046
-0.55                     0                        1.4742203898661745       -7.904589178332534E-7    0.6472355887216655       -0.29761520452878165     1.4592823542732777E-6    -1.2517831064692984
-0.54                     0                        1.4721258659163594       -7.027059796834E-7       0.6442444892785418       -0.3006078717580997      -1.336248338658249E-6    -1.2490168483991158
-0.53                     0                        1.4698866866339202       -9.763216524668645E-7    0.641223387302288        -0.30361697822707806     3.124218525026571E-6     -1.246142698381017
-0.52                     0                        1.46748974369675         -4.4053394740905234E-7   0.6381718002102321       -0.3067004401841066      -1.0153022887499353E-6   -1.2432110117091137
-0.51                     0                        1.4649238919332237       9.195330601712088E-7     0.6350893784986058       -0.30978390214114404     -5.154823098973728E-6    -1.2401415062167738
-0.5                      0                        1.4621840526000935       -1.5137413107189493E-7   0.6319759026495528       -0.3129315297679943      7.204766903083725E-6     -1.2369966162497197
-0.49                     0                        1.4592598493955535       -1.0251875074405362E-6   0.6288306713041077       -0.31611473932101963     -1.2481498417081647E-6   -1.2337420900235567
-0.48                     0                        1.4561466302289467       -1.7293931523384768E-7   0.6256535869198914       -0.3193215101703328      6.478612785276603E-7     -1.230364872454386
-0.47                     0                        1.4528318183384186       -1.2788656891056802E-6   0.6224441551019586       -0.3225845987117978      2.0017505493989594E-6    -1.226891272382697
-0.45999999999999996      0                        1.449300526342956        4.362484495451845E-7     0.6192018418055849       -0.32587583504197554     5.314735350383855E-7     -1.2232853902833374
-0.44999999999999996      0                        1.4455513619926232       4.384785819317729E-7     0.6159265172589422       -0.32921161840677216     2.25264437789066E-6      -1.219565034317809
-0.43999999999999995      0                        1.4415684786921592       5.753560143118967E-7     0.6126175196663303       -0.33259274443735803     1.0078607429796471E-7    -1.2157228502829136
-0.42999999999999994      0                        1.437353401329976        -1.1300151723108242E-6   0.6092746377841625       -0.3359978545185311      2.2344804191298643E-6    -1.211740827481686
-0.41999999999999993      0                        1.4328864130848649       -1.1187095591563992E-6   0.6058973010070172       -0.3394695009105399      -1.2310170277572036E-6   -1.2076515112482855
-0.4099999999999999       0                        1.428155655481317        -2.001489019457437E-6    0.6024851812768554       -0.3429561863419876      2.8925736100630445E-6    -1.203398805326215
-0.3999999999999999       0                        1.4231654962202982       -2.3370609701320526E-6   0.5990378657674604       -0.346515921492001       -3.1626344379088976E-6   -1.1990459429816973
-0.3899999999999999       0                        1.4178979686861335       2.0290313981569875E-6    0.595554877492823        -0.35007926016946156     2.6780616841376896E-6    -1.1945153112076543
-0.3799999999999999       0                        1.4123458777451665       -2.307336818938247E-6    0.592035868607518        -0.35372407114211213     -6.485377784619383E-7    -1.1898834896472192
-0.3699999999999999       0                        1.4065113040676305       8.778484892257448E-7     0.5884803916928565       -0.35736855652376454     3.1566279996573095E-7    -1.185072879661914
-0.3599999999999999       0                        1.400382352207652        -1.1193576542177088E-6   0.5848880278858462       -0.3611042048783105      1.9636076002866965E-7    -1.1801710771471865
-0.34999999999999987      0                        1.3939468966465027       -1.842198593512065E-8    0.5812583081062026       -0.3648365596093443      6.6140918679481434E-6    -1.1750797743439823
-0.33999999999999986      0                        1.3872032904259795       1.206771110899545E-6     0.5775909312942318       -0.3686495632196851      6.807644184518743E-6     -1.1698856036312493
-0.33000000000000007      0                        1.3801582413015832       -1.0131315269182285E-6   0.5738853155387957       -0.37247358786756496     -5.599816867748933E-7    -1.1645261356703933
-0.32000000000000006      0                        1.372809652840149        -6.67029015247416E-7     0.5701412614853307       -0.37634866471560224     3.520233990534595E-6     -1.1590440919651237
-0.31000000000000005      0                        1.3651534271969814       1.4042364758796235E-6    0.5663581689044563       -0.3802698514592708      -3.1149446863119514E-6   -1.1534356467601963
-0.30000000000000004      0                        1.3571854034540771       -3.039639902133465E-6    0.5625357508650647       -0.384222497423193       -1.2658282899114838E-7   -1.147687807418338
-0.29000000000000004      0                        1.3489163615207342       8.784212562583263E-7     0.5586734846086767       -0.38822733254608005     -2.5251873520954617E-6   -1.1418311366825262
-0.28                     0                        1.340363416961903        -5.5564893754528887E-8   0.5547711897603027       -0.3922469584500802      4.2220025393640363E-7    -1.1358419659892198
-0.27                     0                        1.331525874618728        2.1542264940892223E-7    0.5508282601392593       -0.39633896575857697     -9.652989837874341E-7    -1.1297810466052165
-0.26                     0                        1.322405583690172        -1.9300822772050073E-6   0.5468443982765442       -0.40044262338445613     -5.807302984711837E-7    -1.1235927090750506
-0.25                     0                        1.3130341405145278       -2.4287844534083603E-6   0.5428192046189232       -0.40459812518007215     1.624509308379307E-6     -1.1173382729716597
-0.24                     0                        1.303432275694183        1.537465600859248E-6     0.5387524089045937       -0.4087751332814777      -8.946046032224367E-7    -1.1110024116557153
-0.22999999999999998      0                        1.293614467574227        -2.7712336915314325E-6   0.5346435435372502       -0.4130032411359314      -1.752313017974456E-6    -1.1046258640508693
-0.21999999999999997      0                        1.2836103461574415       1.069806043955284E-6     0.5304922657393383       -0.4172541641358515      -9.49655118896118E-7     -1.098199524995369
-0.20999999999999996      0                        1.273460603832569        -1.3252082945133626E-6   0.5262983146388457       -0.42154781284448745     6.923407019597387E-7     -1.0917679824005353
-0.19999999999999996      0                        1.2632025657703674       -3.81870658115767E-6     0.5220612555383739       -0.42586853877384234     -2.274763849775523E-6    -1.0853376562592156
-0.18999999999999995      0                        1.2528960719143727       3.7289913015337467E-6    0.517780839209112        -0.43022402836903145     1.6324880714268047E-6    -1.0789496079266552
-0.17999999999999994      0                        1.2426156046584642       7.46366100707064E-7      0.5134567010296036       -0.4346047295714411      2.978046046772368E-7     -1.0726340385872823
-0.16999999999999993      0                        1.2324562280166258       5.559128302252911E-6     0.5090885859313689       -0.4390237130038425      -1.0578894853767793E-7   -1.0664531113471352
-0.15999999999999992      0                        1.222559106622235        4.111753263117473E-6     0.5046761711248664       -0.4434609775717269      1.5669349410000431E-7    -1.0604574264756739
-0.1499999999999999       0                        1.2131568383035831       8.300480637446814E-6     0.5002192181978034       -0.4479314821942052      -1.0298508341091601E-6   -1.0547758474017424
-0.1399999999999999       0                        1.204556507219883        1.3098135316434631E-5    0.4957174887550092       -0.4524181458871627      2.4283535176802255E-7    -1.0495378727097082
-0.1299999999999999       0                        1.1973192595559878       -3.0900615381183846E-6   0.49117080714345457      -0.45691996359223325     -1.259682135590222E-6    -1.0450082307167512
-0.11999999999999988      0                        1.1922779224303468       5.534725851396135E-5     0.4865790863759587       -0.46142576308152905     -3.2413901637458965E-7   -1.0415632652839135
-0.10999999999999988      0                        1.190852039213764        1.0837694856774258E-5    0.4819423650821097       -0.4659193347501353      3.093701844465379E-6     -1.03984138299167
-0.09999999999999987      0                        1.195255701014371        -4.2932523655418655E-6   0.47726090174254765      -0.4703612451671386      1.0678824337022445E-5    -1.0408100588461782
-0.08999999999999986      0                        1.2089421248059584       -5.543823914585243E-6    0.4725353117256024       -0.4747243560145331      -1.160207293373465E-5    -1.045992199817929
-0.08000000000000007      0                        1.2373095055263545       -5.613772831120126E-6    0.4677668090140332       -0.47893801872978087     3.4230435576003096E-6    -1.057710337892575
-0.07000000000000006      0                        1.288444025618825        1.1319240159899664E-5    0.46295771785512335      -0.48282622356826255     -1.3217127701367122E-5   -1.0793213292528219
-0.06000000000000005      0                        1.3725144424382802       4.188265605106504E-6     0.4581122853788333       -0.4861183504182417      3.4770405910772924E-5    -1.1148840783590974
-0.050000000000000044     0                        1.501301908832825        -1.1016075061535137E-5   0.45323933287939044      -0.4882170184713988      -2.0644288063631496E-5   -1.1686660940813438
-0.040000000000000036     0                        1.6817143523094633       1.2911676034530108E-5    0.4483584115650987       -0.4872920210011523      5.0276216049689645E-5    -1.241302796708852
-0.030000000000000027     0                        1.90263443999127         -2.7905664480754027E-6   0.4435153423577075       -0.4795974803975261      1.2149200790340025E-4    -1.3234450454318194
-0.020000000000000018     0                        2.1208294805530534       2.5849623246161744E-5    0.43881207930560434      -0.45763727507581786     -8.566536091735872E-5    -1.388282869289928
-0.010000000000000009     0                        2.274250914078726        1.889515732838356E-6     0.4344346090533012       -0.4135384285523703      -3.355937046530489E-5    -1.4015517352992746
0                         0                        2.32704610518858         -2.576890264607535E-6    0.4306232999113512       -0.34538803523632466     -5.4528353507837935E-5   -1.3474683080984882
0.010000000000000231      0                        2.274250451003821        6.751168377662728E-6     0.42757105967107745      -0.2641029471031653      -3.4353242382183295E-5   -1.2365066223962948
0.020000000000000018      0                        2.120824591448572        -4.4409066860169254E-6   0.4253332419344808       -0.1850784755491015      -8.151804689783374E-6    -1.0871356746042935
0.03000000000000025       0                        1.9026551267092469       2.487664260736528E-5     0.42381663509611744      -0.12139948910115517     -6.0132909685842475E-5   -0.9277763826514451
0.040000000000000036      0                        1.6817155527953014       -1.0244420862976377E-5   0.42283951823828236      -0.07714486730133567     -2.0053490145179465E-5   -0.7882406614591275
0.04999999999999982       0                        1.5013444637065232       -2.4539208677237145E-5   0.4222164658398201       -0.04973170998168042     -6.147231940889454E-5    -0.6836240634560287
0.06000000000000005       0                        1.372554753515787        -1.2019932630175705E-5   0.4218070159364836       -0.03367940517861101     6.2168087125797845E-6    -0.6126326299685408
0.06999999999999984       0                        1.2884656821826694       3.229532838812051E-5     0.42152058710356327      -0.024523530461165437    -2.3589883091888E-5      -0.5676383412775974
0.08000000000000007       0                        1.237397965016771        1.8700303400995427E-6    0.4213035357285436       -0.019379769451074565    -9.75344119780488E-6     -0.540699907215945
0.08999999999999986       0                        1.2089961071765063       2.5608292061947024E-5    0.4211257145491834       -0.016483087690003884    2.3503631608107838E-5    -0.5256224372118912
0.10000000000000009       0                        1.1952936680468864       -7.1521371931723714E-6   0.4209702805873417       -0.014760041820625422    4.533652840534799E-5     -0.517943152642596
0.10999999999999988       0                        1.1908347356907054       5.4721232753722485E-6    0.4208280719824851       -0.013750611751027902    8.49165090988809E-6      -0.5148872976215197
0.1200000000000001        0                        1.1923268140726688       6.60502866952127E-6      0.42069412009284124      -0.013077458464267461    -5.909290504134491E-7    -0.5146823383736696
0.1299999999999999        0                        1.1973190592941085       1.7515864744084618E-5    0.4205656113643573       -0.01263648911127046     -4.372820665930097E-6    -0.5161877112814943
0.14000000000000012       0                        1.204564685013374        -4.878650667735615E-6    0.4204410389544793       -0.012295037050219818    4.404214091467854E-6     -0.5187434647051179
0.1499999999999999        0                        1.2131472225895472       -1.1451168781725642E-5   0.42031952263680983      -0.012018075600040246    -2.5196449030370347E-6   -0.5219275370870503
0.16000000000000014       0                        1.222561653079451        -4.362376280363889E-6    0.4202005577966698       -0.011781436633914247    2.1327991460071403E-6    -0.5255025251987183
0.16999999999999993       0                        1.2324516636436251       -3.1929691149808618E-6   0.42008382769172514      -0.011569218211196981    1.394424871228144E-6     -0.5293022305196455
0.18000000000000016       0                        1.2426135072465914       4.4475480097071185E-6    0.41996912808212933      -0.011375356482630092    -5.809627083222568E-7    -0.5332346676640578
0.18999999999999995       0                        1.2528951756483626       -4.708427386043392E-6    0.41985629044525474      -0.011193439193092248    -7.064333792253348E-8    -0.5372293599575696
0.20000000000000018       0                        1.263204444719188        5.911750144988448E-6     0.41974522059879815      -0.011024270434358135    -9.693494112098566E-7    -0.5412482987443961
0.20999999999999996       0                        1.273459886181164        -5.714356593802587E-6    0.41963578211642655      -0.010864029298432092    -1.1527375761116958E-6   -0.5452533646299603
0.2200000000000002        0                        1.2836103349533652       5.48716628920674E-7      0.41952792900765246      -0.010711869967453425    1.8543735423283268E-6    -0.5492222554432579
0.22999999999999998       0                        1.2936095879189498       2.7153649652018015E-6    0.4194215315345505       -0.010566145212052434    1.4368585269137394E-7    -0.5531338597847971
0.2400000000000002        0                        1.3034328414700815       -1.8398110196085152E-6   0.41931655342758756      -0.010430521720281279    7.917192912631545E-7     -0.556981488429843
0.25                      0                        1.313034788561292        5.827326366269232E-8     0.4192129011207126       -0.010299939654714369    -5.041488544714703E-7    -0.560741062639915
0.26000000000000023       0                        1.322409427472296        4.021204748346683E-6     0.41911052020552364      -0.010177067221521681    -1.2723691791716792E-6   -0.5644127702941243
0.27                      0                        1.3315247591020247       -2.2394560703449533E-6   0.41900931902991595      -0.010061893669525989    -2.4366037925273575E-6   -0.5679831762523383
0.28000000000000025       0                        1.3403621604295115       -5.4326301827675235E-6   0.41890928603821553      -0.009946616869408544    2.4955527508898074E-7    -0.5714367725275753
0.29000000000000004       0                        1.3489179632867712       2.3874600238680595E-7    0.41881031958058423      -0.009846674656875642    3.0917736260383422E-6    -0.574787437948999
0.30000000000000027       0                        1.3571853245848005       1.9556379679012635E-6    0.4187123633105155       -0.009744186820572494    4.80251633968947E-7      -0.5780144615278234
0.31000000000000005       0                        1.3651501149258392       1.5857336697219418E-6    0.41861538909890683      -0.009652531821332001    -2.7679749192700313E-6   -0.5811253783594295
0.31999999999999984       0                        1.372811596322094        -2.690956356461254E-6    0.4185193212246407       -0.009560462922757612    -7.041939893202966E-7    -0.5841086403847958
0.33000000000000007       0                        1.3801623012912851       -2.1662223785122815E-6   0.4184241405660213       -0.009478247780408467    2.2236955570963414E-6    -0.5869714725398366
0.33999999999999986       0                        1.3872088325292178       1.59136860175734E-7      0.4183297601226956       -0.009397697599509943    8.471564144115414E-7     -0.5897084357515423
0.3500000000000001        0                        1.3939447722904854       2.959932693798384E-6     0.41823617511155053      -0.009321190994261874    2.229495630608287E-8     -0.5923193208737758
0.3599999999999999        0                        1.400374172529971        1.4471149857778447E-6    0.4181433264304456       -0.00924989702176639     4.264146420677751E-7     -0.5948070117707311
0.3700000000000001        0                        1.4065071549329045       -1.0729733571726708E-6   0.4180511665773647       -0.009181522139203915    -1.8903277850139396E-7   -0.5971734790583147
0.3799999999999999        0                        1.4123495171780829       -6.061911459333876E-7    0.41795966982987526      -0.009117827358702767    3.066286432746933E-7     -0.5994229652428381
0.3900000000000001        0                        1.4178999029458355       2.1042535732520558E-6    0.4178687925751529       -0.009055187407369956    4.874887650033214E-7     -0.6015513078437728
0.3999999999999999        0                        1.4231620250599661       3.438239001052073E-6     0.41777851688694173      -0.008999950234870473    -4.171936307514118E-7    -0.6035664703542397
0.41000000000000014       0                        1.42815589597806         7.532002351570911E-7     0.4176887921542731       -0.008947449832037224    5.010245864553888E-7     -0.6054721610311168
0.41999999999999993       0                        1.4328831833014655       5.032442965386866E-7     0.41759959460097856      -0.008894326517593426    2.598242932977664E-7     -0.6072657629748451
0.43000000000000016       0                        1.4373519007587017       -4.723411340282851E-7    0.4175108921124251       -0.008846171193114384    -1.2871190346242662E-6   -0.6089562455583698
0.43999999999999995       0                        1.4415699967651272       -9.452052547955859E-7    0.4174226702830725       -0.00879921953940827     -1.2004557619802946E-6   -0.6105432169890679
0.4500000000000002        0                        1.4455526951177222       2.530954572011571E-6     0.41733488831694465      -0.008757010833283521    -1.5899711135192306E-7   -0.6120365834064965
0.45999999999999996       0                        1.4493008964273564       3.543676507825126E-7     0.41724753010059484      -0.008714632436675637    -1.879714065479841E-6    -0.6134318518435681
0.4700000000000002        0                        1.4528329500320438       8.030403282684776E-7     0.417160568891263        -0.008677426459753576    -1.0328266304506388E-6   -0.6147420463990928
0.48                      0                        1.4561536491552585       5.109111103096514E-7     0.417073981722612        -0.008640007270453085    -3.985561075968104E-7    -0.6159638077235482
0.4900000000000002        0                        1.4592624108178744       -7.936231741308428E-7    0.41698776516290303      -0.008604860809893637    1.6551889096084894E-7    -0.6170994322830692
0.5                       0                        1.4621833840709269       -8.040731368888339E-7    0.41690187503972015      -0.008573184537765167    1.1524705948524214E-6    -0.6181601790088578
0.5100000000000002        0                        1.4649234184709148       1.6175530313729157E-6    0.41681630619181465      -0.008540652991880492    8.92795478681337E-9      -0.6191446211328131
0.52                      0                        1.4674861975136275       1.846201792654483E-6     0.41673104087126983      -0.008512411117085648    -6.768293269702439E-7    -0.6200594616711615
0.5300000000000002        0                        1.4698850172844518       -4.6995284563214105E-7   0.41664605903851853      -0.008484873760019815    3.896840120992609E-7     -0.6209066734513513
0.54                      0                        1.4721283493206503       -5.258181930816091E-7    0.41656134784777216      -0.00845795790355871     -1.085039047933775E-7    -0.6216897273014848
0.5500000000000003        0                        1.4742181933039977       2.726539838840384E-7     0.4164768981241332       -0.008432735262534236    5.8158925290203616E-8    -0.6224105555679469
0.56                      0                        1.476170253953436        -5.020715204536621E-7    0.41639268657000933      -0.008409599709068172    4.898261477774965E-7     -0.6230760975874724
0.5699999999999998        0                        1.4779884196363247       1.1569656905423897E-6    0.4163087075162547       -0.008386583413461362    -1.965796409308253E-8    -0.6236860321162515
0.5800000000000001        0                        1.47968136099828         9.033880970700237E-7     0.4162249457630892       -0.0083657672196454      -2.73501358777963E-7     -0.6242460614478086
0.5899999999999999        0                        1.4812567628631412       -2.3811322781426276E-8   0.41614139055818017      -0.008345390405943351    1.979302785377336E-7     -0.6247576394775195
0.6000000000000001        0                        1.48272196411666         -1.8723506194048472E-7   0.4160580302476776       -0.008326475658854852    -1.9217493176936516E-7   -0.6252248554542001
0.6099999999999999        0                        1.484081001195439        2.2715123017535452E-7    0.4159748584227703       -0.008308647189483672    2.5369457793013945E-7    -0.6256490315496797
0.6200000000000001        0                        1.4853434208480782       -7.37507959356498E-7     0.4158918613844587       -0.008291072412674759    -6.836933064530098E-9    -0.6260333125043415
0.6299999999999999        0                        1.4865116101947042       3.014036851970753E-7     0.4158090352831135       -0.008274563894673358    -8.2284138278832E-9      -0.6263795224668811
0.6400000000000001        0                        1.4875953323935958       -4.82471394899193E-8     0.4157263660801722       -0.008259282717500179    3.326647092337193E-7     -0.6266918844513156
0.6499999999999999        0                        1.4885981753591246       2.858195553033004E-7     0.41564384918064345      -0.008243962499299025    -1.0633595928299992E-8   -0.6269706379888481
0.6600000000000001        0                        1.4895242955697723       1.0050635662699177E-6    0.4155614778921878       -0.008230295191837267    -1.915103630652071E-8    -0.6272192128151318
0.6699999999999999        0                        1.4903817243968611       -1.8158633858728506E-8   0.4154792417045064       -0.008217086662269496    6.386094419254703E-8     -0.627439755364932
0.6800000000000002        0                        1.4911718412209793       6.884881098741595E-7     0.41539713837728737      -0.008204129590884356    -1.1591336554122429E-7   -0.6276326452628699
0.69                      0                        1.4919020015394862       -1.609842342641832E-7    0.41531515839348127      -0.008191867170320256    -4.25365921687189E-7     -0.6278013832472437
0.7000000000000002        0                        1.4925739108231386       5.21918872396048E-7      0.4152332975024227       -0.008180398337828305    -1.833992129736052E-7    -0.6279467850950072
0.71                      0                        1.4931922540206035       -3.852667090115016E-8    0.41515155066101156      -0.008168969944399395    -4.508924700835971E-8    -0.628070049636064
0.7200000000000002        0                        1.4937603441274547       2.690458939511309E-7     0.41506991431049073      -0.008158547807339586    2.97181587451493E-8      -0.6281735258447314
0.73                      0                        1.4942831859558623       8.656616355338065E-7     0.4149883793160646       -0.008148451077909099    9.108717608727652E-8     -0.6282586086569779
0.7400000000000002        0                        1.4947641688312097       -4.095534105216099E-7    0.4149069429349502       -0.008138745591930202    5.412996818657739E-8     -0.6283267772903891
0.75                      0                        1.495205815243105        -4.1364602771762075E-7   0.4148256016784147       -0.008129453172267521    7.735863153794022E-8     -0.6283791051135531
0.7600000000000002        0                        1.4956084604949076       3.795637307736632E-7     0.4147443534413285       -0.00812042499092794     -8.460033407243014E-10   -0.628415588940269
0.77                      0                        1.4959776945748342       -7.274809011232485E-8    0.41466319141208513      -0.008111980857768375    5.854005807741856E-8     -0.6284388659714626
0.7800000000000002        0                        1.496315789583633        6.707334130659879E-7     0.41458211265413575      -0.008103698683919521    9.190188979689302E-9     -0.6284494599272433
0.79                      0                        1.4966245047379034       7.874470740279399E-8     0.4145011149969372       -0.008095832755782186    -7.54046503739623E-8     -0.628448358701382
0.8000000000000003        0                        1.4969066158005413       3.629616037947704E-7     0.4144201940472441       -0.00808829844047981     1.7951843178314842E-8    -0.6284366286311436
0.81                      0                        1.497163321877257        7.990803097017607E-8     0.41433934874527756      -0.008080761952830943    8.95709007518621E-9      -0.62841443770477
0.8199999999999998        0                        1.497397115547051        -1.7123537010590734E-7   0.41425857508390457      -0.008073943398613547    -6.656148617826719E-8    -0.6283835388198836
0.8300000000000001        0                        1.4976102510784297       1.5840976609099077E-7    0.41417786988095395      -0.00806706162159407     -8.850074336278678E-9    -0.6283440853251387
0.8399999999999999        0                        1.497803568369832        -2.619012089693372E-7    0.41409723228795403      -0.008060456978398111    -1.2728100654226322E-8   -0.6282967691513669
0.8500000000000001        0                        1.4979789418185494       2.1931794933890125E-7    0.4140166591927693       -0.008054187992354666    7.239698844423774E-8     -0.6282424250251902
0.8599999999999999        0                        1.4981380796896804       -3.273070315297558E-8    0.41393614859233274      -0.00804794425950667     3.6284962826482493E-9    -0.6281814510257663
0.8700000000000001        0                        1.4982818067591281       2.625540460152227E-7     0.4138556990370436       -0.00804204839352198     -3.017567154276072E-8    -0.6281145128843056
0.8799999999999999        0                        1.4984119379599912       6.684640236737585E-8     0.41377530755428765      -0.008036232777271501    -2.419245254987919E-8    -0.6280420932496831
0.8900000000000001        0                        1.498529442986913        -9.989331191717291E-8    0.41369497311677744      -0.008030633617466783    8.274059725448864E-9     -0.6279647312486373
0.8999999999999999        0                        1.4986349522832236       7.032074573015304E-8     0.41361469477847757      -0.008025112339828796    5.914109997932779E-10    -0.6278825507128126
0.9100000000000001        0                        1.4987299711629827       -2.8132337917946594E-8   0.41353446998501364      -0.008019891533249742    8.973726303500667E-8     -0.6277963958087887
0.9199999999999999        0                        1.4988151473064781       1.1359701147444152E-7    0.4134542975868679       -0.008014596473053184    2.0241697405860386E-9    -0.627706160415211
0.9300000000000002        0                        1.498891521486394        7.63597122212899E-8      0.41337417652704506      -0.008009615491512929    -5.1199012776084863E-8   -0.6276126638893207
0.94                      0                        1.4989597764872924       5.802535781886234E-9     0.4132941052095331       -0.008004683837242255    -7.677863562130259E-8    -0.6275159234056396
0.9500000000000002        0                        1.4990207640851145       2.160039259647794E-8     0.41321408254714964      -0.007999848639441642    -2.98681639541615E-8     -0.6274163383899996
0.96                      0                        1.4990748440029544       3.926901220963588E-8     0.41313410808044315      -0.007995137741825366    -7.713787917835886E-9    -0.6273140863648154
0.9700000000000002        0                        1.499122897174184        4.3528460790734464E-8    0.4130541797752651       -0.007990510696520625    1.956958564099243E-8     -0.6272094893711222
0.98                      0                        1.4991654774712482       6.199777175374558E-8     0.4129742975118487       -0.007985972116993381    8.303536886228061E-10    -0.6271027820296974
0.9900000000000002        0                        1.4992029723694626       -1.650585525082837E-8    0.4128944598223675       -0.007981573274623677    3.1863260173003775E-8    -0.6269941747152007
1                         0                        1.4992359988027262       4.708931161146515E-8     0.4128146663626946       -0.007977173579637302    4.5042760420130985E-9    -0.626883782224326
1.0100000000000002        0                        1.499264842174053        -2.9798459162086895E-8   0.4127349161555389       -0.007972981349387856    7.097045885521386E-8     -0.626771930279043
1.02                      0                        1.4992899841469598       6.617045830198173E-8     0.41265520834808744      -0.007968657430392262    6.5440257491348275E-9    -0.6266584782127567
1.0300000000000002        0                        1.4993118916561614       5.439314610571008E-8     0.4125755424276374       -0.007964507729268298    -3.86035767247079E-8     -0.6265439246975162
1.04                      0                        1.4993306356084826       2.3740569540584086E-8    0.4124959179731977       -0.007960441918902543    2.832482333652402E-8     -0.6264282087995615
1.0500000000000003        0                        1.499346784580643        -1.4001931051291957E-9   0.4124163340201958       -0.007956364001956213    4.882591840305245E-9     -0.6263114683236732
1.06                      0                        1.4993604423518518       3.294141699287683E-8     0.4123367906202241       -0.007952351935831319    -7.769935061514516E-9    -0.6261938247181135
1.0700000000000003        0                        1.4993719654431705       3.7674741739624734E-8    0.41225728669490286      -0.007948433128419991    3.6512156812600767E-8    -0.6260754513484251
1.08                      0                        1.499381579481164        9.464829024095645E-9     0.41217782189582475      -0.007944512418822026    2.075166550403149E-9     -0.6259563460400897
1.0899999999999999        0                        1.49938942645294         4.266282921491302E-8     0.4120983962712927       -0.00794064933414979     -1.336955563180774E-8    -0.6258366273615398
1.1                       0                        1.4993958342009495       3.424791568112744E-8     0.4120190088513915       -0.007936834646102044    -2.6717975516765646E-8   -0.6257164201294826
1.1099999999999999        0                        1.4994008171741962       9.21938680584485E-9      0.4119396595488994       -0.007933034322636583    -8.809977811890266E-8    -0.6255956964767165
1.12                      0                        1.4994046467492863       9.281699144937055E-9     0.4118603480236158       -0.007929270734091736    -3.8585929945871924E-8   -0.6254745903724795
1.13                      0                        1.4994074312094874       1.8572143156606243E-8    0.41178107413421766      -0.007925507145542467    1.0927928757564992E-8    -0.6253531097338133
1.1400000000000001        0                        1.4994092550693932       1.5066343182820505E-8    0.4117018373968457       -0.007921839418565474    4.2377694480672264E-8    -0.6252313847404704
1.15                      0                        1.4994103184363834       1.1685778344440449E-8    0.41162263759807177      -0.007918120336208543    1.5457357573111236E-8    -0.6251093504527574
1.1600000000000001        0                        1.499410650170614        1.838627488513188E-8     0.4115434748728746       -0.0079144509628224      -9.325882600224607E-9    -0.624987120195433
1.17                      0                        1.4994103965622754       1.8510199677737672E-8    0.41146434852735037      -0.007910820991584916    -3.499790035096549E-8    -0.6248647429882176
1.1800000000000002        0                        1.4994096184725794       1.5805457408160684E-8    0.4113852585766935       -0.007907188858911956    2.1662489427471644E-8    -0.6247422024666354
1.19                      0                        1.49940841494858         9.056437985072064E-9     0.41130620493932724      -0.007903538614346041    2.5257180035409274E-9    -0.6246195234209385
1.2000000000000002        0                        1.4994068225042636       1.4579953944178023E-8    0.41122718760884824      -0.007899938821638796    -9.590709603420076E-10   -0.6244967895215866
1.21                      0                        1.4994049287703048       6.819362227136884E-9     0.4111482061115412       -0.007896387330610818    3.8812995326374057E-8    -0.6243740340293248
1.2200000000000002        0                        1.4994027763004132       9.509713693176038E-9     0.41106926056871373      -0.007892769092772539    -4.024353813400104E-8    -0.6242511596412599
1.23                      0                        1.4994004196049642       1.0340385098304608E-8    0.4109903509373573       -0.007889157178502994    -4.444890642887177E-9    -0.6241282618275681
1.2400000000000002        0                        1.4993978926179605       8.891635889846091E-9     0.41091147700968295      -0.007885602856292888    1.1512897639475084E-8    -0.624005405537145
1.25                      0                        1.4993952422485748       8.298110487131756E-9     0.4108326389585855       -0.007882017247931274    -4.98766728175437E-9     -0.6238825214628608
1.2600000000000002        0                        1.4993924989647616       1.137305528961156E-8     0.41075383658395487      -0.007878457678209393    5.5608949779860535E-9    -0.6237596791731888
1.27                      0                        1.4993896896226446       6.2689553762818785E-9    0.41067506976148643      -0.007874905587213427    7.428593509047488E-9     -0.6236368709726464
1.2800000000000002        0                        1.4993868412944198       8.573749909985121E-9     0.41059633863497386      -0.007871322720546792    2.2415491598523958E-9    -0.6235140699534942
1.29                      0                        1.4993839785992074       6.3795634705618874E-9    0.41051764325794027      -0.00786775971268994     -5.815310121334778E-9    -0.6233913369459505
1.3000000000000003        0                        1.4993811183843657       6.486301369085924E-9     0.4104389835021993       -0.007864185066931963    -1.3242037476853007E-8   -0.6232686471790019
1.31                      0                        1.4993782758113663       7.765013381976487E-9     0.41036035945411964      -0.007860615679243444    2.908681297961501E-9     -0.6231460238988938
1.3200000000000003        0                        1.4993754696299701       4.332050811671652E-9     0.41028177119307363      -0.007857036529978306    -1.0537447246024927E-10  -0.623023459893209
1.33                      0                        1.4993727081209496       6.963318460342368E-9     0.4102032187185478       -0.00785349795900252     -5.077691270073931E-8    -0.6229010088889617
1.3399999999999999        0                        1.4993699981742907       6.1837568001702995E-9    0.4101247018758467       -0.007849876971697683    -1.9050545550750203E-8   -0.6227785504745175
1.35                      0                        1.499367357332059        5.376264207705004E-9     0.4100462211163817       -0.007846274921308441    -6.309581442480264E-9    -0.6226561938605748
1.3599999999999999        0                        1.499364784928698        5.601266536681656E-9     0.40996777630519765      -0.007842685442099895    1.1607623533973551E-8    -0.6225339321896391
1.37                      0                        1.4993622895687486       3.4110534533776762E-9    0.4098893675220099       -0.007839063991158001    1.0317048739387273E-8    -0.622411724548845
1.38                      0                        1.499359874588374        4.063771080643811E-9     0.4098109948857901       -0.007835463202396264    -8.493737739895775E-9    -0.6222896250992913
1.3900000000000001        0                        1.4993575434778297       4.905933921651297E-9     0.40973265845302415      -0.00783182372708228     -9.991700851421775E-10   -0.6221675759878491
1.4                       0                        1.4993552966813117       3.455418733670334E-9     0.40965435840598463      -0.00782818568082376     9.976599603482697E-9     -0.6220456177654212
1.4100000000000001        0                        1.499353133541041        2.5356058567098315E-9    0.4095760945774895       -0.007824553264336577    2.416489057795789E-9     -0.6219237540925973
1.42                      0                        1.4993510624260227       3.169493953517158E-9     0.4094978674555037       -0.007820871132831166    -1.5912152487147474E-9   -0.6218019337634313
1.4300000000000002        0                        1.4993490811678472       3.0469052236791136E-9    0.4094196771302557       -0.007817203314458364    -3.4079028688747283E-9   -0.6216802200317438
1.44                      0                        1.4993471857564786       3.473203920223122E-9     0.40934152352380815      -0.007813517975039682    -1.1827549933234834E-8   -0.6215585792837308
1.4500000000000002        0                        1.4993453727444337       2.3527748780685554E-9    0.40926340671062406      -0.007809841609411948    -2.166052512819378E-8    -0.6214370366946093
1.46                      0                        1.4993436462196665       3.0542329321854407E-9    0.4091853269941762       -0.007806101680172212    -1.1599483880260594E-8   -0.621315521835207
1.4700000000000002        0                        1.4993420057468467       3.299983574877821E-9     0.4091072846770207       -0.0078023617509294825   -1.538444902990818E-9    -0.6211940985242199
1.48                      0                        1.499340446137954        2.26152787324238E-9      0.40902927964430535      -0.007798632835899683    1.849346431450771E-8     -0.6210727754612784
1.4900000000000002        0                        1.49933896509113         1.9564559178645142E-9    0.4089513121178641       -0.007794865457379346    4.629565010466773E-9     -0.6209515025408374
1.5                       0                        1.4993375636639816       1.149779120907984E-9     0.4088733823314405       -0.007791087247136663    -2.066910137096433E-9    -0.6208303081590103
1.5100000000000002        0                        1.4993362349559127       1.2385875384682734E-9    0.4087954904072372       -0.007787297593506889    5.554886585578928E-9     -0.6207091890476499
1.52                      0                        1.4993349778919651       9.566591802375331E-10    0.4087176363209099       -0.007783484509645072    1.1114724517332316E-8    -0.6205881327269127
1.5300000000000002        0                        1.4993337906983106       1.6006076003092201E-9    0.40863982065252485      -0.007779649167365282    6.370218448114566E-10    -0.6204671404965931
1.54                      0                        1.499332671178839        1.6766890320352071E-9    0.4085620432960375       -0.0077758101415282025   -1.7031592432674695E-8   -0.6203462298588606
1.5500000000000003        0                        1.499331616112999        1.980628359324843E-9     0.408484304408046        -0.0077719404121274855   -1.7909807695977334E-8   -0.6202253726970374
1.56                      0                        1.499330621270678        1.1453241098653973E-9    0.40840660442611015      -0.0077680605526865695   2.230224549333973E-8     -0.6201045884979344
1.5700000000000003        0                        1.4993296865925092       8.327880848446699E-10    0.40832894331200237      -0.0077641672829133375   -2.1766615524404737E-8   -0.6199838738855482
1.58                      0                        1.4993288083250216       1.7355289025081993E-9    0.40825132135414005      -0.00776022428956115     -7.500955000404482E-9    -0.6198631914325794
1.5899999999999999        0                        1.499327983683386        6.971411728622539E-10    0.4081737387772796       -0.00775628270420688     1.014926921549112E-8     -0.6197425914576546
1.6                       0                        1.4993272085160567       7.980858806071015E-10    0.4080961957400858       -0.007752318558215098    2.1220545799144605E-8    -0.6196220485232202
1.6099999999999999        0                        1.4993264837405833       7.545459382076234E-11    0.40801869248592254      -0.007748330777246882    -4.093797416711225E-9    -0.6195015622825955
1.62                      0                        1.4993258039701993       7.240910433064322E-10    0.40794122924105003      -0.007744318197255154    -1.6370754833414172E-8   -0.6193811297016839
1.63                      0                        1.499325167839166        6.282912916097572E-10    0.407863806110481        -0.007740296991042951    -7.81668565956617E-9     -0.6192607665431609
1.6400000000000001        0                        1.4993245741925825       5.532169259047292E-10    0.40778642343522875      -0.007736232813744097    8.26320388159734E-9      -0.6191404384922846
1.65                      0                        1.4993240181166327       3.125369845040776E-10    0.4077090814155025       -0.0077321647320768485   2.3750139377757552E-8    -0.6190201829026094
1.6600000000000001        0                        1.499323500604052        2.749206372747611E-10    0.4076317802309243       -0.007728064512884927    -4.195667798310427E-9    -0.6188999722061759
1.67                      0                        1.4993230165244642       4.290160918028974E-10    0.40755452016983285      -0.007723941309546983    -2.6874745713951083E-8   -0.6187798138887614
1.6800000000000002        0                        1.4993225662319591       7.867621966155413E-10    0.4074773015146543       -0.007719789726171489    1.767082058340499E-10    -0.6186597031143967
1.69                      0                        1.4993221468731337       -1.2381611482734213E-10  0.4074001244154452       -0.007715620487480719    1.602023490376122E-8     -0.6185396496624278
1.7000000000000002        0                        1.4993217563865695       2.1474179268660393E-10   0.40732298912335474      -0.007711429200768398    6.7653662271554054E-9    -0.6184196486698241
1.71                      0                        1.4993213941094605       -6.223635459768793E-11   0.4072458959165463       -0.007707203773080847    -5.9042502448740244E-9   -0.6182996881840334
1.7200000000000002        0                        1.4993210565893245       -1.2342195023560684E-10  0.4071688450754865       -0.007702964438879112    -8.811144306793206E-9    -0.6181797874477125
1.73                      0                        1.4993207435636235       -1.352222577343484E-11   0.4070918366589131       -0.007698707599965769    1.82757885363237E-8      -0.6180599428380884
1.7400000000000002        0                        1.4993204528778046       -3.710831358371243E-11   0.4070148711747727       -0.007694389228105407    5.6158472443291745E-9    -0.6179401102058669
1.75                      0                        1.4993201843454182       -1.2724461031985979E-10  0.40693794885498136      -0.00769007149485491     -4.85716750074016E-9     -0.6178203519892519
1.7600000000000002        0                        1.499319935101058        -2.0024357355896162E-10  0.4068610698970929       -0.007685720082835577    -8.022102851262704E-9    -0.6177006329960919
1.77                      0                        1.4993197043672526       -7.291022867060318E-11   0.4067842344251848       -0.007681352528579665    -1.338604451265741E-8    -0.6175809706282069
1.7800000000000002        0                        1.4993194907148084       -1.187330744638781E-10   0.40670744289973687      -0.007676940585905827    1.0873415302499784E-8    -0.6174613367442614
1.79                      0                        1.4993192937981994       -2.5856280385665335E-10  0.40663069566576715      -0.007672506208045056    -2.7899789402170002E-9   -0.6173417536703136
1.8000000000000003        0                        1.4993191120449783       -1.3112231874377208E-10  0.406553992853714        -0.0076680470351152795   -5.7278200886346226E-9   -0.6172222185988862
1.81                      0                        1.4993189440955095       -3.411502933387804E-10   0.40647733470934816      -0.007663584303972214    -1.8390695346718218E-8   -0.617102752579149
1.8200000000000003        0                        1.4993187890531494       -4.977320281227784E-11   0.40640072154873585      -0.007659043798473919    -2.50530787323062E-9     -0.6169832815012507
1.83                      0                        1.4993186466049064       -2.883179402712327E-10   0.40632415385898213      -0.007654515996652692    -2.1070135800924553E-8   -0.6168638964433856
1.8399999999999999        0                        1.4993185157085864       -1.5233800183671867E-10  0.40624763160115535      -0.0076499276642580105   6.586792213576355E-9     -0.6167445236866308
1.85                      0                        1.499318395055476        -1.3045690398950944E-10  0.4061711554129382       -0.007645309979151671    2.5965113667797154E-9    -0.6166251948307065
1.8599999999999999        0                        1.499318284105976        -3.052351657769212E-10   0.40609472540157227      -0.007640692294048312    -1.393777725163806E-9    -0.6165059391676211
1.87                      0                        1.499318182237954        -3.197437033787322E-10   0.4060183416145719       -0.00763603028234443     -1.1132346255625113E-8   -0.616386712187173
1.88                      0                        1.499318088741788        -2.4593896927578005E-10  0.4059420048918494       -0.0076313142621519245   -5.0362199489393834E-9   -0.6162675051766091
1.8900000000000001        0                        1.4993180033853102       -2.6581314123608356E-10  0.40586571531514903      -0.007626602576068749    1.1480969515320684E-9    -0.6161483765049287
1.9                       0                        1.4993179251212783       -2.1430375176948482E-10  0.4057894730591204       -0.007621840700872664    7.428094005603081E-9     -0.6160292714839299
1.9100000000000001        0                        1.4993178534131801       -3.908347835978826E-10   0.40571327857427647      -0.007617053521557775    -1.1152303217939662E-8   -0.6159102154547655
1.92                      0                        1.4993177880652764       -2.0971263566701923E-10  0.4056371321695342       -0.007612233824333098    1.78459811671348E-8      -0.6157912015859012
1.9300000000000002        0                        1.4993177284068724       -1.8192005877483947E-10  0.4055610341733285       -0.007607365416793186    -9.775835191466457E-9    -0.61567221390389
1.94                      0                        1.4993176740430076       -4.0004499017251823E-10  0.40548498489542756      -0.00760247608366849     -1.5757313467570396E-9   -0.615553280496445
1.9500000000000002        0                        1.4993176244619246       -1.872143145156804E-10   0.40540898465974395      -0.007597580945246757    3.121903026486097E-8     -0.6154344167608149
1.96                      0                        1.4993175793344653       -3.206013686762964E-10   0.40533303368429185      -0.007592602227904087    -6.778725241554281E-9    -0.6153155451157318
1.9700000000000002        0                        1.4993175383265593       -3.8086471179056634E-10  0.4052571326610296       -0.007587602424533275    -6.642821156391079E-9    -0.615196728955148
1.98                      0                        1.4993175010934068       -1.9857059169508825E-10  0.405181281572771        -0.007582608121528696    -2.1703604434364216E-8   -0.6150779946990397
1.9900000000000002        0                        1.499317467378582        -2.8373952724994755E-10  0.40510548085596         -0.007577532834264476    1.05809004904951E-8      -0.614959256412405
2                         0                        1.4993174368303688       -2.517941592374838E-10   0.40502973102762724      -0.007572432832301745    1.3338785994491545E-9    -0.6148405709967375
