% Model:              C1EqPe1Eps01.mph
% Version:            COMSOL 5.6.0.280
% Date:               Jun 2 2021, 22:51
% Dimension:          2
% Nodes:              401
% Expressions:        8
% Description:        Velocity field, x component, Velocity field, y component, Dependent variable u3, Gradient of u3, x component, Dependent variable u5, Gradient of u5, x component, , 
% Length unit:        m
% x                       y                        u (m/s)                  v (m/s)                  u3 (1)                   u3x (1/m)                u5 (1)                   u5x (1/m)                -u*u3+u3x                -u*u5+u5x
-2                        0                        1.4995578599253574       -5.200034289554592E-11   0.9439573028877452       -0.018447459492279508    0.9440215705681534       -0.01837904722740883     -1.433966052471539       -1.4339940133119637
-1.99                     0                        1.499557887180257        -6.92493211570146E-11    0.9437728479552178       -0.018443527013220152    0.9438378032538874       -0.018374415625807553    -1.4336855448710406      -1.4337138377140624
-1.98                     0                        1.4995579173506144       2.338028840290267E-11    0.9435884320955585       -0.01843967999412176     0.943654082005122        -0.018369867896618524    -1.4334051840634692      -1.4334338178076251
-1.97                     0                        1.499557950771058        -1.109171326495003E-10   0.9434040555032689       -0.01843568213260712     0.9434704071050993       -0.01836515470246059     -1.4331247343521942      -1.433153704994119
-1.96                     0                        1.4995579877618084       2.533203183073233E-11    0.9432197181285096       -0.01843177364479265     0.9432867785893108       -0.018360528948671045    -1.4328444361788404      -1.4328737525323763
-1.95                     0                        1.499558028437567        -8.923371502404621E-11   0.9430354200621966       -0.0184278423234614      0.9431031965963903       -0.018355869900889537    -1.4325641775787217      -1.4325938400021396
-1.94                     0                        1.4995580734571914       -1.0951160410763561E-11  0.9428511611752439       -0.018423918066698994    0.9429196610937584       -0.018351213511422222    -1.4322839888755237      -1.4323140039260864
-1.93                     0                        1.4995581230607309       -8.280034393052416E-11   0.942666941517844        -0.01842000787975968     0.9427361721748801       -0.01834656102362247     -1.4320038773736576      -1.4320342459116437
-1.92                     0                        1.4995581774753577       -1.3891946718238674E-10  0.9424827613211051       -0.01841603146799432     0.942552730192335        -0.01834183548541026     -1.4317237633366133      -1.4317544897470507
-1.91                     0                        1.4995582370830087       9.22135683801303E-11     0.942298620561414        -0.01841211871088437     0.9423693351627919       -0.018337165765189616    -1.4314437769657093      -1.4314748646829927
-1.9                      0                        1.4995583026673984       -4.6543998307114354E-11  0.942114519043491        -0.01840819701502073     0.9421859869830104       -0.018332481460172207    -1.4311638461101905      -1.4311953008974228
-1.89                     0                        1.4995583743881131       -7.814956398795005E-11   0.9419304568814724       -0.018404235873039358    0.9420026858247242       -0.018327747536028872    -1.4308839405808729      -1.4309157637605887
-1.88                     0                        1.4995584532039394       -2.5396425145142857E-11  0.9417464342597809       -0.01840028846525255     0.9418194319914746       -0.018323019113909052    -1.430604114734175       -1.4306363097484573
-1.87                     0                        1.4995585395249853       -3.7377435368828025E-11  0.9415624510326515       -0.018396364853427556    0.9416362253627215       -0.018318314981086378    -1.4303243787955158      -1.430356957849829
-1.8599999999999999       0                        1.4995586334788853       -1.3925274585232691E-10  0.941378507099573        -0.018392407373899636    0.9414530659552299       -0.01831355382328509     -1.4300446750665285      -1.4300776268916164
-1.85                     0                        1.4995587363206913       -1.3121285516848695E-10  0.9411946028875117       -0.018388435038371193    0.9412699542883071       -0.018308779561274444    -1.429765024376223       -1.4297983627504829
-1.84                     0                        1.4995588484001217       -5.1720068630170254E-11  0.9410107381302779       -0.018384517322488855    0.9410868901214497       -0.018304050124310408    -1.4294854961252768      -1.4295192233192833
-1.83                     0                        1.4995589705178374       -9.01593891043913E-11    0.9408269129585053       -0.01838051703201075     0.9409038737321677       -0.018299227732054568    -1.429205954063542       -1.4292400719821092
-1.82                     0                        1.499559103155574        6.092319276680739E-11    0.9406431275713415       -0.01837657108979306     0.9407209053642489       -0.018294452922524792    -1.428926535860128       -1.4289610500902374
-1.81                     0                        1.4995592479392756       7.301375487559072E-11    0.9404593816753632       -0.01837260810582771     0.9405379848330903       -0.0182896533092009      -1.4286471712083717      -1.4286820865038317
-1.8                      0                        1.4995594051681578       -2.2300408296143487E-10  0.9402756752537337       -0.018368636580610005    0.9403551121590628       -0.018284837162645395    -1.4283678688581867      -1.428403189798726
-1.79                     0                        1.4995595761061549       -9.824983321500061E-11   0.9400920085968367       -0.018364685254151202    0.9401722877769869       -0.018280029279863268    -1.4280886591664075      -1.4281243866054756
-1.78                     0                        1.4995597612352292       -7.584394571685784E-11   0.9399083817234132       -0.018360700127937325    0.9399895117552642       -0.018275183067554306    -1.4278094886080894      -1.427845630878898
-1.77                     0                        1.4995599623477942       -1.324701380645009E-10   0.9397247945533461       -0.018356721221125565    0.9398067841215451       -0.018270330666589767    -1.42753039875883        -1.4275669564780953
-1.76                     0                        1.499560179732447        -2.700101484595727E-10   0.9395412472126046       -0.018352748981337968    0.9396241050780791       -0.018265476976758056    -1.4272513905175186      -1.427288368868582
-1.75                     0                        1.4995604157754099       2.090515242454948E-11    0.9393577395238074       -0.018348803381440848    0.9394414745427266       -0.01826064426118028     -1.4269724858236108      -1.4270098924231356
-1.74                     0                        1.499560670712813        -3.2382668177041426E-10  0.9391742716682718       -0.018344795070118648    0.9392588927738497       -0.018255733981362515    -1.42669359580921        -1.4267314292022906
-1.73                     0                        1.4995609459817942       -1.9874325504146416E-10  0.9389908438418236       -0.018340796890863598    0.9390763600855356       -0.018250829732128947    -1.426414794950552       -1.4264530646111346
-1.72                     0                        1.4995612435464074       -6.54417839430914E-12    0.9388074558246958       -0.01833680653472819     0.9388938763350838       -0.018245920358199875    -1.426136082441848       -1.4261747891133452
-1.71                     0                        1.499561564842551        9.872501395214791E-11    0.9386241075835143       -0.018332806232705036    0.9387114415593983       -0.01824099656492183     -1.4258574417995828      -1.4258965948053401
-1.7                      0                        1.4995619117080068       -5.24659534689746E-10    0.9384407993728286       -0.01832882061981474     0.9385290561511938       -0.01823606964554026     -1.4255788997521237      -1.4256184952811357
-1.69                     0                        1.499562284617384        -6.415835966449206E-11   0.9382575313304246       -0.018324787860968215    0.9383467203252875       -0.01823109553571111     -1.4253003951022865      -1.4253404472299287
-1.68                     0                        1.4995626860262743       -4.2301471746739827E-10  0.9380743030420011       -0.01832081435508027     0.9381644337343276       -0.018226163552775787    -1.4250220359169687      -1.4250625417377427
-1.67                     0                        1.4995631186935325       -4.5885765122280485E-10  0.9378911149552632       -0.018316802992524278    0.9379821969839782       -0.01822118651709179     -1.4247437283297932      -1.4247846951053975
-1.66                     0                        1.499563584327626        3.303949936650042E-10    0.9377079669065975       -0.018312840551543922    0.9378000099355887       -0.018216253599830562    -1.4244655604585723      -1.4245069978813252
-1.65                     0                        1.4995640839533906       -1.6659938198833886E-10  0.9375248587703178       -0.018308786704381626    0.9376178726200012       -0.01821120951761192     -1.424187392729825       -1.424229295771351
-1.6400000000000001       0                        1.499564619121387        -9.286140169532508E-11   0.937341791129851        -0.018304763974424727    0.937435785704323        -0.018206194086300316    -1.4239093499766184      -1.4239517310267615
-1.63                     0                        1.499565193607575        -3.468008544748113E-10   0.9371587635940735       -0.018300743181129793    0.937253748905514        -0.018201165675496112    -1.423631405951112       -1.4236742651124188
-1.62                     0                        1.4995658102984246       -3.4281107049457474E-11  0.9369757762576129       -0.018296730100442908    0.9370717623824413       -0.01819614478268642     -1.4233535692541854      -1.4233969214474846
-1.6099999999999999       0                        1.4995664710825827       -5.221580463315309E-10   0.9367928288947374       -0.01829270698999712     0.9368898260458401       -0.018191087672116954    -1.4230758235511483      -1.4231196579088523
-1.6                      0                        1.4995671768218037       -5.024184048826812E-10   0.9366099221220409       -0.018288647549298997    0.9367079406331479       -0.018185994866312033    -1.4227981442491373      -1.4228424769081274
-1.5899999999999999       0                        1.499567931612421        -2.682474920653909E-10   0.9364270555870292       -0.01828464007642113     0.9365261058528137       -0.018180939989320313    -1.4225206229289722      -1.4225654554440594
-1.58                     0                        1.4995687388587862       -1.3138808202100572E-10  0.936244229320042        -0.018280597275418812    0.9363443218725198       -0.01817583957470311     -1.4222431755006903      -1.422288513462663
-1.57                     0                        1.4995695987634408       7.204818154008358E-10    0.9360614435302829       -0.018276560387546586    0.9361625890040383       -0.01817073226136642     -1.42196584368018        -1.422011690231496
-1.56                     0                        1.4995705178076513       -9.825192626887322E-10   0.9358786980431388       -0.018272535684896164    0.9359809071632932       -0.018165631775407247    -1.4216886395145962      -1.421735005388342
-1.55                     0                        1.4995714959786968       1.281153358926644E-9     0.9356959930624305       -0.018268460456734126    0.9357992766933286       -0.018160462217511875    -1.421411500554635       -1.4214583835043089
-1.54                     0                        1.4995725364936527       -5.946019763660749E-10   0.935513328612997        -0.018264436471907928    0.9356176977029887       -0.018155339658184833    -1.42113453158372        -1.4211819437910074
-1.53                     0                        1.4995736424075048       8.162182554159733E-10    0.93533070463536         -0.01826036384796944     0.9354361702631593       -0.018150150294227112    -1.4208576354535944      -1.4209055753754798
-1.52                     0                        1.4995748179983917       -7.859593281786336E-11   0.9351481212934343       -0.018256304537203075    0.9352546946613409       -0.018144970069510706    -1.4205808783273426      -1.4206293585984324
-1.51                     0                        1.4995760679652632       3.160982946678265E-10    0.9349655782924411       -0.0182522557399481      0.9350732706525992       -0.01813978534186412     -1.4203042613185952      -1.4203532838065072
-1.5                      0                        1.499577390955276        1.4066062056181423E-9    0.9347830761312987       -0.018248176488480976    0.9348918989494168       -0.018134555294525147    -1.4200277429026011      -1.4200773099463153
-1.49                     0                        1.499578791797158        6.02682543510337E-11     0.9346006146495591       -0.018244158719878587    0.9347105794334454       -0.018129385722172632    -1.4197514192489455      -1.4198015471090002
-1.48                     0                        1.499580275186877        1.5133551119617533E-10   0.9344181937489955       -0.018240043492952863    0.9345293121366904       -0.018124093350891598    -1.419475135614696       -1.4195258164150326
-1.47                     0                        1.4995818439266904       -9.144202897342028E-10   0.9342358135289407       -0.01823597772316332     0.9343480973207402       -0.018118846661163947    -1.419199041637244       -1.4192502893107943
-1.46                     0                        1.499583498199437        -4.091057292011472E-10   0.93405347416073         -0.018231901065859486    0.9341669352069183       -0.018113575692570293    -1.4189230773531445      -1.4189748962924076
-1.45                     0                        1.4995852435605928       2.9957027753565345E-12   0.9338711754642299       -0.0182278126548631      0.9339858258084756       -0.01810827831681342     -1.4186472467676075      -1.4186996403939576
-1.44                     0                        1.4995870782902772       3.7662823533718706E-10   0.9336889177713443       -0.018223734431630858    0.9338047695333939       -0.018102980190701612    -1.418371570664372       -1.4184245462288092
-1.43                     0                        1.499589009750683        1.2687475371022143E-10   0.9335067008512916       -0.01821964957889502     0.9336237663014243       -0.018097666203179878    -1.4180960387041106      -1.418149605390836
-1.42                     0                        1.4995910398447718       -1.3156065289849849E-9   0.9333245246274203       -0.01821558380503125     0.9334428161136443       -0.01809235422814019     -1.417820678203692       -1.4178748374796322
-1.4100000000000001       0                        1.4995931667775935       -1.531615824847377E-10   0.933142389419153        -0.018211457848461926    0.9332619194863281       -0.018086971235069523    -1.41754540865194        -1.4176001685105077
-1.4                      0                        1.499595391058618        -3.6090767986946573E-10  0.9329602952188851       -0.018207372616429456    0.9330810764944543       -0.018081613587731797    -1.4172703313673571      -1.417325695382829
-1.3900000000000001       0                        1.4995977176245159       6.245001483497239E-10    0.9327782417942885       -0.018203323507908622    0.9329002870476514       -0.018076285763612893    -1.4169954459524325      -1.4170514269915266
-1.38                     0                        1.4996001453150272       7.184437365808273E-11    0.9325962295226905       -0.018199162297274956    0.9327195516272602       -0.01807082489376381     -1.4167206036097482      -1.4167772000521701
-1.37                     0                        1.4996026721397715       -1.4349722025390128E-9   0.9324142581753516       -0.018195066432075902    0.9325388702052314       -0.01806541892820228     -1.416445979533056       -1.416503200562171
-1.3599999999999999       0                        1.499605295430917        -1.3954457375759077E-9   0.9322323280437376       -0.01819096900935422     0.9323582431336153       -0.018059998763527544    -1.4161715047156347      -1.4162293574053633
-1.35                     0                        1.4996080189404541       5.229571788026316E-10    0.9320504388033887       -0.01818691274270162     0.9321776702620218       -0.018054607912629594    -1.4158972248292323      -1.415955717314788
-1.3399999999999999       0                        1.4996108357197862       1.3583587001327452E-9    0.9318685905692856       -0.01818273842008579     0.9319971518077875       -0.018049081817501623    -1.4156229743047115      -1.4156821095284382
-1.33                     0                        1.4996137404980188       -7.770665859676459E-10   0.9316867836086364       -0.018178652551327765    0.9318166882393599       -0.018043630138219167    -1.4153489550912433      -1.415408739447322
-1.3199999999999998       0                        1.4996167297415293       -1.9816184453909847E-9   0.9315050177444966       -0.01817453489596343     0.9316362794463453       -0.01803813829496627     -1.4150750433437906      -1.4151354889868601
-1.31                     0                        1.499619796630264        1.1824066766235527E-9    0.9313232929197091       -0.018170417403428233    0.9314559255565251       -0.01803262490233607     -1.4148012645287102      -1.4148623705554666
-1.2999999999999998       0                        1.4996229298574233       -1.2845817793688302E-9   0.9311416093577428       -0.01816630500592284     0.9312756269276748       -0.01802710666263787     -1.4145276133431375      -1.4145893908207263
-1.29                     0                        1.4996261215714566       1.5587686654957777E-9    0.930959966861607        -0.018162198668051056    0.9310953834972384       -0.0180215810892283      -1.4142540831110146      -1.41431653985628
-1.28                     0                        1.499629359729334        -2.168674764404589E-9    0.930778365491418        -0.01815807122328124     0.9309151954768944       -0.018016016074063043    -1.4139806355150923      -1.414043774629386
-1.27                     0                        1.4996326260622916       -4.919834462278127E-10   0.9305968054368665       -0.018153951983245674    0.930735063202196        -0.01801044623074098     -1.4137072831257134      -1.413771113228903
-1.26                     0                        1.4996358997720047       1.017326323683397E-9     0.9304152864980492       -0.018149835780264436    0.930554986646857        -0.01800486483709665     -1.413434001109394       -1.4134985295245819
-1.25                     0                        1.4996391755273253       1.1142871287006636E-9    0.9302338085787921       -0.0181457569605715      0.9303749657792116       -0.017999309531161814    -1.413160818705315       -1.4132260561435623
-1.24                     0                        1.4996424124529164       -6.772148799272452E-10   0.9300523718475887       -0.018141589280070956    0.9301950010279298       -0.017993640725184362    -1.4128875719051457      -1.4129535161183522
-1.23                     0                        1.4996455901717574       -1.4124881248765886E-9   0.929870976596774        -0.018137486642515414    0.9300150927841696       -0.017988028243375094    -1.412614396124573       -1.4126810609303329
-1.22                     0                        1.4996486717665067       2.881223348671445E-9     0.9296896223182208       -0.018133369068091192    0.9298352407146897       -0.01798238565260158     -1.4123411763327163      -1.412408569352076
-1.21                     0                        1.4996516362250185       -1.527067136878749E-9    0.929508308912817        -0.018129250374618693    0.9296554448129086       -0.017976724434532295    -1.4120679067204747      -1.412136033373708
-1.2                      0                        1.4996544209082596       -2.410037987234882E-9    0.9293270369048438       -0.01812517635788811     0.929475705859545        -0.017971090658863757    -1.4117945757218102      -1.4118634420779554
-1.19                     0                        1.4996570002098952       -5.0813714667169035E-9   0.9291458058325717       -0.01812106659031846     0.9292960234643614       -0.01796540910459343     -1.4115210785227987      -1.4115906959601419
-1.18                     0                        1.4996593046457751       8.238746567577649E-10    0.9289646158488641       -0.018116930151256462    0.9291163980191454       -0.01795967993859216     -1.4112473599956936      -1.411317731326971
-1.17                     0                        1.4996612882887586       -5.3033100093090955E-9   0.9287834670019885       -0.018112841973391542    0.9289368296876388       -0.01795398424572635     -1.4109734526388933      -1.4110445869939658
-1.1600000000000001       0                        1.4996628638344744       8.354918131967415E-9     0.9286023590087603       -0.018108733474285148    0.9287573183489216       -0.017948258732493397    -1.4106992065488113      -1.410771118574864
-1.15                     0                        1.4996639782159185       -1.1597694104621095E-8   0.928421291746932        -0.018104660711965308    0.9285778640670885       -0.017942538608706798    -1.4104246285535311      -1.4104973123187972
-1.1400000000000001       0                        1.49966455047197         1.6722645723984894E-8    0.9282402656395207       -0.018100583587838625    0.9283984674357374       -0.017936805612016733    -1.4101496042881123      -1.4102230759378978
-1.13                     0                        1.499664478943659        -1.9124057344968268E-8   0.9280592801192686       -0.018096523088889503    0.9282191280459806       -0.017931071025340826    -1.4098740598377797      -1.4099483260319539
-1.12                     0                        1.4996636559861232       3.254796421102965E-9     0.9278783352868846       -0.018092449199490674    0.928039846183364        -0.01792530408304485     -1.4095978658061379      -1.4096729327111879
-1.1099999999999999       0                        1.499661985938403        2.7705308551044664E-9    0.92769743117741         -0.018088383658417917    0.9278606220415139       -0.017919533969858004    -1.4093209556478876      -1.4093968370946766
-1.1                      0                        1.4996593022723754       -1.9160654570034387E-8   0.9275165675725285       -0.01808433731790162     0.927681455609271        -0.017913752478783775    -1.4090431858897883      -1.4091198769288047
-1.0899999999999999       0                        1.4996554584925605       5.5798625988002426E-9    0.9273357443096809       -0.018080306553268498    0.927502346879934        -0.017907983185588193    -1.4087644173625429      -1.4088419404487416
-1.08                     0                        1.49965039065688         8.579216997096045E-9     0.9271549612567229       -0.018076268380117156    0.9273232958382455       -0.017902179253866994    -1.4084845682282263      -1.4085629221229174
-1.0699999999999998       0                        1.4996438144757478       -4.65834450503514E-8     0.9269742185822349       -0.01807226651753242     0.927144302996828        -0.01789638902962522     -1.4082034195928708      -1.408282608145247
-1.06                     0                        1.4996355540207376       4.882099986688761E-9     0.9267935159000209       -0.01806827021047751     0.9269653680313603       -0.017890604239485908    -1.4079207778900327      -1.4080008274852318
-1.0499999999999998       0                        1.4996254673181748       1.2118684872469879E-8    0.9266128529647155       -0.018064307342423255    0.9267864908621579       -0.017884813703473106    -1.4076365399926618      -1.407717438166808
-1.04                     0                        1.4996132573411802       -2.28403183688318E-8     0.9264322298833721       -0.018060308926201505    0.9266076718937275       -0.017878979982556133    -1.4073503628874582      -1.4074321291084364
-1.03                     0                        1.4995987372263793       1.0835421375578248E-8    0.9262516462130252       -0.018056397392103143    0.9264289107834816       -0.017873210438739042    -1.4070621964070107      -1.407144835179658
-1.02                     0                        1.4995815378609496       5.217413859326767E-8     0.9260711018294085       -0.018052466057531358    0.9262502076544687       -0.01786739975701638     -1.40677159310746        -1.4068551105955287
-1.01                     0                        1.4995614846666625       -1.0283135223613734E-7   0.9258905967092994       -0.018048574138265577    0.9260715626566101       -0.017861609689123845    -1.4064784519785647      -1.406562857094046
-1                        0                        1.4995380869953003       1.0247464250610425E-7    0.925710130293501        -0.018044739305860456    0.9258929754276255       -0.01785586422703853     -1.4061823371983473      -1.4062676453621668
-0.99                     0                        1.4995109995494889       -1.149919073424653E-7    0.9255297023405403       -0.018040853507187538    0.9257144459222858       -0.0178500348722971      -1.4058828225765923      -1.4059690289746252
-0.98                     0                        1.499480005298507        1.674907879175413E-8     0.9253493131182862       -0.01803701821785447     0.9255359746375312       -0.017844246380188628    -1.4055798111554318      -1.4056669345336328
-0.97                     0                        1.4994443938195101       4.347009294295788E-8     0.9251689617494341       -0.018033255552551662    0.9253575609052455       -0.017838500076944253    -1.4052726685835575      -1.4053607070548104
-0.96                     0                        1.499403750133304        4.262230998920793E-9     0.9249886478736409       -0.018029499314132627    0.9251792045209206       -0.017832754503391435    -1.4049609467666038      -1.4050499233074067
-0.95                     0                        1.4993576357531948       -2.912617399605218E-8    0.9248083715762081       -0.018025816853764483    0.9250009058212014       -0.017827041780040864    -1.4046443103850301      -1.4047342130016809
-0.94                     0                        1.499305529676074        -1.643445703024325E-8    0.9246281322022272       -0.01802205794234777     0.9248226643753845       -0.017821247383284302    -1.404322129447207       -1.4044129820510582
-0.9299999999999999       0                        1.4992467622049377       -1.2442742671994713E-7   0.9244479296136955       -0.018018460113822268    0.9246444802481353       -0.01781557856980466     -1.4039940254142134      -1.404085821772489
-0.9199999999999999       0                        1.4991805219982057       2.2039117579398624E-8    0.9242677629890438       -0.018014843985937078    0.924466352819525        -0.01780988202864593     -1.4036590713699657      -1.4037518314183988
-0.9099999999999999       0                        1.4991061059287032       6.732915949579164E-8     0.9240876320952727       -0.018011310149813713    0.9242882821125624       -0.017804233383516867    -1.403316721837034       -1.403410440736811
-0.8999999999999999       0                        1.4990229970467828       -1.8478363920083317E-8   0.9239075366747658       -0.01800780776422001     0.9241102680766146       -0.017798599992710853    -1.4029664523845378      -1.4030611436466234
-0.8899999999999999       0                        1.4989300085897572       1.5628014461454342E-8    0.9237274756448752       -0.01800440708549677     0.9239323098622307       -0.017793049309823516    -1.4026072400884644      -1.4027029144679712
-0.8799999999999999       0                        1.4988264542627416       -1.1535883479220027E-7   0.9235474490478812       -0.018000973541532714    0.9237544077405376       -0.01778743045900233     -1.4022383219413685      -1.4023349740223314
-0.8699999999999999       0                        1.4987111666392414       7.270242790844241E-8     0.9233674560061942       -0.01799763479587298     0.9235765610938885       -0.0177818988707868      -1.4018587520236248      -1.4019564042284671
-0.8599999999999999       0                        1.498582938611967        1.1075127381038943E-8    0.9231874957203207       -0.017994424711973066    0.9233987692729864       -0.017776456095287694    -1.4014674549383537      -1.4015660972630732
-0.8499999999999999       0                        1.4984405220909662       -6.715001805734567E-8    0.9230075677129466       -0.017991176762834203    0.9232210321896015       -0.017770960581721285    -1.4010631184205347      -1.4011627660612687
-0.8400000000000001       0                        1.4982832124831822       1.527222514029039E-7     0.9228276713275313       -0.017988073356395597    0.9230433492739429       -0.017765585893791687    -1.4006452813213832      -1.400745940505191
-0.8300000000000001       0                        1.498108963018804        2.0306267949537986E-7    0.9226478058590506       -0.01798502033973334     0.9228657202114349       -0.017760226607797153    -1.4002119680068106      -1.4003136337193516
-0.8200000000000001       0                        1.4979168692500338       -4.5241469297453034E-7   0.9224679703988962       -0.017982128259622213    0.9226881442382359       -0.01775501628421479     -1.3997624624629696      -1.3998651525956767
-0.81                     0                        1.4977048774639194       8.375312663694752E-7     0.9222881637766479       -0.01797920890104521     0.922510620485305        -0.017749740193414       -1.399294690216573       -1.399398396006522
-0.8                      0                        1.4974718427650968       4.3648041542827894E-7    0.9221083860387501       -0.017976338678492534    0.9223331492908505       -0.0177444986974834      -1.398807682749089       -1.3989124194093885
-0.79                     0                        1.4972157346725112       -8.008941073592227E-7    0.9219286357751068       -0.017973744163040737    0.9221557294504306       -0.017739492599876592    -1.3982998038906933      -1.3984055605514685
-0.78                     0                        1.4969332392077366       2.2613916279141617E-7    0.9217489111398015       -0.017971182897958755    0.9219783594300686       -0.01773451147250782     -1.3977677661866659      -1.3978745635335952
-0.77                     0                        1.496623649746541        1.4537276182148405E-7    0.9215692119234927       -0.017968663322690624    0.9218010391844352       -0.017729529994820033    -1.3972109407656719      -1.3973187655991839
-0.76                     0                        1.4962836581128733       -2.944765481214078E-7    0.9213895366395157       -0.017966363899587053    0.9216237676936619       -0.017724738127394935    -1.396626470329487       -1.3967353206558364
-0.75                     0                        1.4959126545497645       1.8529730331954867E-7    0.9212098849997477       -0.017964034395068672    0.9214465447828364       -0.01771990706354867     -1.3960135588625244      -1.39612345389535
-0.74                     0                        1.4955060787488372       -2.2200394347219846E-7   0.9210302546502145       -0.017962040151532785    0.9212693684708289       -0.017715359005510856    -1.395368384692518       -1.3954792997187377
-0.73                     0                        1.4950621242694395       -2.3770433131105525E-7   0.920850644872208        -0.017959915449790302    0.9210922382981782       -0.017710675524646106    -1.394688836707317       -1.3948007939628133
-0.72                     0                        1.4945778843408128       1.2211058601706298E-7    0.92067105447729         -0.017958191238730374    0.9209151533644161       -0.01770633612775122     -1.3939727880132238      -1.3940857577005354
-0.71                     0                        1.4940486933013382       -1.8840902028701385E-7   0.9204914811811711       -0.017956433718170392    0.9207381117153626       -0.01770195880529529     -1.3932155283719123      -1.3933295314863743
-0.7                      0                        1.4934727673061134       7.247475668560712E-7     0.920311924076009        -0.017954964360277877    0.9205611126676748       -0.017697817661381385    -1.3924157603948888      -1.3925307700715686
-0.69                     0                        1.492846548514809        2.793113522543546E-7     0.9201323820954487       -0.017953431751777122    0.9203841555841039       -0.01769359905282301     -1.3915698825396772      -1.3916859090242697
-0.6799999999999999       0                        1.4921660365059863       3.027785983050254E-7     0.9199528536205979       -0.017952331987747674    0.920207239061149        -0.017689766312637894    -1.3906747353471671      -1.390791754986629
-0.6699999999999999       0                        1.4914244375521708       -9.499008001428406E-7    0.9197733351293612       -0.017951411305529456    0.9200303599439669       -0.01768609984687945     -1.3897238403263212      -1.3898418619572315
-0.6599999999999999       0                        1.490621249568361        8.713859155487952E-7     0.9195938268885706       -0.01795047393907731     0.9198535187377112       -0.01768236278465871     -1.3887165732710696      -1.3888355643053196
-0.6499999999999999       0                        1.4897484142128052       9.942218502670494E-7     0.919414325630283        -0.017949715589140356    0.9196767127058306       -0.01767878271876307     -1.3876457492013903      -1.3877657070607199
-0.6399999999999999       0                        1.4888054606642913       -1.4095956523826407E-6   0.9192348309572584       -0.017949426863071404    0.9194999415288422       -0.017675646106874776    -1.3865112628250544      -1.3866321801355115
-0.6299999999999999       0                        1.4877840075173152       6.824842955666547E-7     0.9190553397357103       -0.017949005265560983    0.9193232025713812       -0.017672323600333033    -1.3853048417477438      -1.3854266821256354
-0.6199999999999999       0                        1.4866770987007019       -3.9193282761150085E-7   0.9188758500679499       -0.017948928286477796    0.9191464942950412       -0.017669331667644523    -1.3840206111316387      -1.3841433750871177
-0.6099999999999999       0                        1.4854815505799321       8.907092327327931E-7     0.9186963597721167       -0.01794910034004494     0.9189698147279703       -0.017666536989344422    -1.3826555933664681      -1.3827792423076029
-0.5999999999999999       0                        1.4841898459003837       -5.941088258713666E-7    0.9185168667937438       -0.01794944601466481     0.9187931623476208       -0.017663890084430322    -1.3812028529981746      -1.3813273721234718
-0.5900000000000001       0                        1.4827992783368253       1.8714633185857567E-6    0.9183373689601999       -0.017950162058855662    0.9186165352033232       -0.01766156709964268     -1.379660150022779       -1.3797855025674053
-0.5800000000000001       0                        1.4813001516565616       1.263871771503998E-6     0.9181578644391383       -0.01795078966977254     0.9184399319106266       -0.017659139410846302    -1.378018173508133       -1.3781443498374994
-0.5700000000000001       0                        1.4796833233388138       -1.3521439139872524E-6   0.9179783498493832       -0.01795212828128305     0.9182633494499688       -0.017657352720745256    -1.3762693837394988      -1.3763963173351057
-0.56                     0                        1.4779434044577728       -1.2051526695677137E-6   0.9177988223726773       -0.017953293835090943    0.9180867853831387       -0.01765538668372886     -1.3744080099799005      -1.3745356958605774
-0.55                     0                        1.4760759621267554       9.003903804212627E-7     0.9176192812852367       -0.017955068898593943    0.9179102392939283       -0.01765396124924807     -1.3724308323877614      -1.3725592008610337
-0.54                     0                        1.4740666944540652       1.1937340519848698E-6    0.9174397221929783       -0.01795668749395859     0.9177337073782337       -0.017652361548719117    -1.370324026147818       -1.3704530539728266
-0.53                     0                        1.4719149418305786       -1.9225273099922327E-6   0.9172601444637069       -0.017959047399300657    0.9175571891438637       -0.01765145644038822     -1.368087959581106       -1.3682175931253076
-0.52                     0                        1.4696053939708282       8.487242328217754E-7     0.9170805436697351       -0.01796126992488946     0.9173806807622069       -0.017650366099544717    -1.365707783607632       -1.3658379628723143
-0.51                     0                        1.467132180277707        -1.1216797580606772E-6   0.9169009182253703       -0.017963818948078285    0.9172041810214085       -0.01764958206014275     -1.3631786622026973      -1.3633093519219106
-0.5                      0                        1.4644867942406072       2.493232889706686E-6     0.9167212635976888       -0.017966538272752516    0.9170276857030513       -0.01764891705877537     -1.3604927228111305      -1.36062385272392
-0.49                     0                        1.461657114977147        1.3536458779224199E-6    0.9165415801628968       -0.017970148685648037    0.91685119575766         -0.017649072019442612    -1.3576396705031433      -1.3577711456739314
-0.48                     0                        1.4586363724450844       -1.0656160501868163E-6   0.9163618636755917       -0.017973141037563985    0.9166747072711281       -0.01764861777054334     -1.354611885716346       -1.3547436874966612
-0.47                     0                        1.455416598908235        -2.6852236639532916E-6   0.9161821109663592       -0.017977239669970724    0.9164982174898034       -0.017649179112444492    -1.3514038915931963      -1.351535897716914
-0.45999999999999996      0                        1.4519822901811248       2.709957483470982E-6     0.9160023199738189       -0.017981023932363536    0.9163217248634549       -0.01764940365792975     -1.3480001702991724      -1.3481323202678874
-0.44999999999999996      0                        1.4483306987054592       -6.420964423889804E-7    0.9158224897251883       -0.017985050743323457    0.9161452287883259       -0.01764982998279786     -1.3443988771771787      -1.3445310893094666
-0.43999999999999995      0                        1.4444456568646273       -2.066711098881472E-6    0.9156426155474515       -0.017989784804072595    0.9159687251306577       -0.01765090155085271     -1.3405857840717568      -1.340717948389661
-0.42999999999999994      0                        1.4403140518622701       5.168716641233361E-7     0.9154626940377812       -0.017994475642582965    0.9157922108205571       -0.01765190021900594     -1.3365482578208894      -1.3366802900498687
-0.41999999999999993      0                        1.4359339349588607       -2.9607534356583575E-6   0.9152827261728981       -0.017999097334051185    0.9156156874380398       -0.017652776284466314    -1.332284623927374       -1.332416413257433
-0.4099999999999999       0                        1.4312970766234534       -4.987850416720096E-7    0.9151027100593858       -0.01800439012855223     0.9154391533572123       -0.017654282657366353    -1.3277882238467509      -1.3279196666841937
-0.3999999999999999       0                        1.4263837893303637       -2.1606354366950358E-6   0.9149226396704274       -0.01800957631042519     0.915262603219151        -0.017655630118162693    -1.3230403980276684      -1.3231713703302685
-0.3899999999999999       0                        1.4211990467873674       1.3535951320292415E-6    0.914742518888902        -0.018014705186252554    0.9150860411612142       -0.01765688849900896     -1.3180459010870353      -1.318176297925752
-0.3799999999999999       0                        1.415722409222445        5.540680424661411E-7     0.9145623427583424       -0.018020520925651536    0.9149094628931536       -0.017658765113118365    -1.3127869241996153      -1.312916594140627
-0.3699999999999999       0                        1.409943741143225        3.293598130632501E-6     0.9143821070601654       -0.018025929375316798    0.9147328645269708       -0.01766022241791938     -1.3072532582381513      -1.3073820995757355
-0.3599999999999999       0                        1.4038683787107544       -2.7978740788010165E-7   0.9142018173421101       -0.01803202482882075     0.9145562521416134       -0.017662264931827203    -1.3014510479553143      -1.301578867865658
-0.34999999999999987      0                        1.3974844317542336       -2.968205491077586E-6    0.9140214701074674       -0.018037422099809592    0.9143796226905317       -0.017663625284577295    -1.2953681968641129      -1.2954949127079056
-0.33999999999999986      0                        1.3907778892434086       -1.200393562722488E-6    0.9138410622254383       -0.018043581349336126    0.9142029734718878       -0.017665646504755973    -1.2889935249751856      -1.289118928290036
-0.33000000000000007      0                        1.383758087592445        4.4939128074226064E-8    0.9136605993797997       -0.0180489877783764      0.9140263107211428       -0.0176669036442319      -1.282334231484735       -1.2824582033768983
-0.32000000000000006      0                        1.3764229951558207       1.1728711485249042E-6    0.913480081357326        -0.018054716266579656    0.91384963448252         -0.017668419080925507    -1.275389705863613       -1.2755120700974076
-0.31000000000000005      0                        1.3687592587514663       6.232650050949128E-7     0.9132995048603743       -0.01806058312377717     0.9136729422222134       -0.017670032980375318    -1.2681477364145444      -1.2682683321177235
-0.30000000000000004      0                        1.360767336104683        2.49600660461916E-6      0.9131188716453844       -0.018065640137749077    0.9134962358850398       -0.017670803415962905    -1.2606079746535528      -1.2607266428629038
-0.29000000000000004      0                        1.3524640781131794       1.4227054634857175E-6    0.9129381888136989       -0.018070926199288188    0.9133195232221423       -0.0176717291635001      -1.2527870321075232      -1.252903576160903
-0.28                     0                        1.343844280204748        -1.940986925307631E-6    0.9127574553938982       -0.018076596641939363    0.9131428035089062       -0.01767302084762128     -1.24468048228727        -1.244794754353193
-0.27                     0                        1.334910812915986        -1.6734639755057295E-6   0.9125766733635263       -0.01808001827759885     0.9129660792959503       -0.01767201594870392     -1.23628848716547        -1.2364003070263814
-0.26                     0                        1.3256926407715064       -2.0702572194833435E-6   0.912395853634266        -0.018083927574411768    0.9127893618532932       -0.017671472582715748    -1.2276403962077946      -1.2277496121661462
-0.25                     0                        1.3161845374960912       -5.627659546412656E-6    0.9122149931989739       -0.018087897607644433    0.9126126485313016       -0.017670913984550594    -1.2187311665282359      -1.2188375707048047
-0.24                     0                        1.3064089703061097       2.6511228189477205E-6    0.9120340997526999       -0.018090604354915742    0.9124359476427617       -0.017669076833560463    -1.2095801334969003      -1.2096835836638202
-0.22999999999999998      0                        1.296387888675323        4.4527230933663896E-6    0.9118531817765152       -0.01809280897374819     0.912259267724351        -0.017666702718586513    -1.2002082300788803      -1.2003085687282542
-0.21999999999999997      0                        1.2861469817711861       1.9852975124873647E-6    0.9116722446382062       -0.018094618688048483    0.9120826148583058       -0.017663870490416716    -1.1906391244940397      -1.1907361727163979
-0.20999999999999996      0                        1.275696177576044        -3.1831206739114117E-6   0.9114912905225968       -0.018096069302093582    0.9119059914339396       -0.017660659496806928    -1.1808820245156257      -1.1809756470777764
-0.19999999999999996      0                        1.2650847021229479       2.5850514817759704E-6    0.9113103353770093       -0.018095267907551994    0.9117294137722362       -0.01765516180670826     -1.1709800320795394      -1.1710700956454876
-0.18999999999999995      0                        1.2543490687628338       -3.5187332371045332E-6   0.9111293859187819       -0.01809460430219459     0.9115528889153889       -0.017649784852129147    -1.1609689010518713      -1.161055302191218
-0.17999999999999994      0                        1.2435202000094687       1.393512342486772E-6     0.9109484510136041       -0.018092376733384322    0.9113764260936508       -0.01764277949549753     -1.150875176736137       -1.1509577751553888
-0.16999999999999993      0                        1.232639816799546        -2.251598610092019E-6    0.9107675400545632       -0.018089532281201397    0.9112000349961286       -0.017635145237100813    -1.1407378660010312      -1.1408165894424687
-0.15999999999999992      0                        1.2217727307095265       4.871392766056973E-7     0.9105866677736445       -0.01808501141018408     0.91102373068515         -0.017625803735816604    -1.1306149710436781      -1.1306897549161925
-0.1499999999999999       0                        1.210957575396713        9.23637951836949E-7      0.9104058432987002       -0.018079497921652355    0.9108475225071907       -0.017615434552342657    -1.1205423505496461      -1.1206131419637533
-0.1399999999999999       0                        1.2002580591554326       -2.8892400064008255E-7   0.9102250791926706       -0.0180732074232871      0.9106714234111368       -0.017604268331981972    -1.1105781943696817      -1.1106449835237482
-0.1299999999999999       0                        1.1897398243445474       2.090354752625342E-6     0.9100443890124357       -0.018064694596670074    0.9104954471540626       -0.017590845115401762    -1.1007807461260661      -1.1008435384789863
-0.11999999999999988      0                        1.1794674287216262       -3.2779361722077343E-6   0.9098637863814497       -0.018055463985974216    0.9103196076231722       -0.01757668413864449     -1.0912101645962258      -1.091269011056827
-0.10999999999999988      0                        1.1695145408803829       3.401192064437948E-7     0.9096832846781032       -0.018044714287078288    0.9101439184885447       -0.01756097720626108     -1.0819325433139488      -1.081987524172464
-0.09999999999999987      0                        1.1599565253383932       2.9956683876670077E-6    0.909502897636644        -0.01803239462542681     0.9099683937121836       -0.017543674172930276    -1.0730162155532288      -1.0730674503110738
-0.08999999999999986      0                        1.1508764759452361       -1.6482138439138516E-6   0.9093226397327695       -0.018018886712721983    0.909793048028882        -0.017525159158403397    -1.0645369218255913      -1.0645845761133579
-0.08000000000000007      0                        1.1423570596529307       -2.9416511785634237E-6   0.9091425250200186       -0.018003833201723888    0.9096178957386959       -0.01750507156689528     -1.056569214889033       -1.056613496350638
-0.07000000000000006      0                        1.134486571692722        -1.91742891620205E-7     0.90896256724893         -0.017987493979341403    0.9094429508558073       -0.017483674078331044    -1.0491933206945951      -1.0492344895448484
-0.06000000000000005      0                        1.1273562826655552       -1.399227950197874E-8    0.9087827800621598       -0.017969749114484748    0.9092682272875645       -0.01746084188101948     -1.0424917257958302      -1.0425300905418273
-0.050000000000000044     0                        1.1210583144474693       4.4074548978149787E-7    0.908603176547542        -0.017950731558137763    0.909093738399584        -0.01743670832090943     -1.0365478771601415      -1.0365838023658958
-0.040000000000000036     0                        1.1156873393121394       4.999909054253141E-7     0.9084237690244095       -0.017930574074498915    0.9089194968061648       -0.017411405846939433    -1.0314474719052478      -1.031481380887538
-0.030000000000000027     0                        1.1113400922080725       -5.185043945936029E-8    0.9082445689006587       -0.017909276590212474    0.9087455142299212       -0.017384929457382833    -1.0272778795397517      -1.0273102530353357
-0.020000000000000018     0                        1.108115227749847        -3.12815085798781E-8     0.9080655867736998       -0.01788700713982144     0.9085718016171871       -0.0173574453190109      -1.024128311639358       -1.024159694195129
-0.010000000000000009     0                        1.1061084820583966       -1.282977369987328E-9    0.9078868315717137       -0.01786390516267214     0.9083983682653465       -0.01732908972086499     -1.0220852303132675      -1.0221162299471716
0                         0                        NaN                      NaN                      NaN                      NaN                      NaN                      NaN                      NaN                      NaN
0.010000000000000231      0                        NaN                      NaN                      NaN                      NaN                      NaN                      NaN                      NaN                      NaN
0.020000000000000018      0                        NaN                      NaN                      NaN                      NaN                      NaN                      NaN                      NaN                      NaN
0.03000000000000025       0                        NaN                      NaN                      NaN                      NaN                      NaN                      NaN                      NaN                      NaN
0.040000000000000036      0                        NaN                      NaN                      NaN                      NaN                      NaN                      NaN                      NaN                      NaN
0.04999999999999982       0                        NaN                      NaN                      NaN                      NaN                      NaN                      NaN                      NaN                      NaN
0.06000000000000005       0                        NaN                      NaN                      NaN                      NaN                      NaN                      NaN                      NaN                      NaN
0.06999999999999984       0                        NaN                      NaN                      NaN                      NaN                      NaN                      NaN                      NaN                      NaN
0.08000000000000007       0                        NaN                      NaN                      NaN                      NaN                      NaN                      NaN                      NaN                      NaN
0.08999999999999986       0                        NaN                      NaN                      NaN                      NaN                      NaN                      NaN                      NaN                      NaN
0.10000000000000009       0                        NaN                      NaN                      NaN                      NaN                      NaN                      NaN                      NaN                      NaN
0.10999999999999988       0                        NaN                      NaN                      NaN                      NaN                      NaN                      NaN                      NaN                      NaN
0.1200000000000001        0                        NaN                      NaN                      NaN                      NaN                      NaN                      NaN                      NaN                      NaN
0.1299999999999999        0                        NaN                      NaN                      NaN                      NaN                      NaN                      NaN                      NaN                      NaN
0.14000000000000012       0                        NaN                      NaN                      NaN                      NaN                      NaN                      NaN                      NaN                      NaN
0.1499999999999999        0                        NaN                      NaN                      NaN                      NaN                      NaN                      NaN                      NaN                      NaN
0.16000000000000014       0                        NaN                      NaN                      NaN                      NaN                      NaN                      NaN                      NaN                      NaN
0.16999999999999993       0                        NaN                      NaN                      NaN                      NaN                      NaN                      NaN                      NaN                      NaN
0.18000000000000016       0                        NaN                      NaN                      NaN                      NaN                      NaN                      NaN                      NaN                      NaN
0.18999999999999995       0                        NaN                      NaN                      NaN                      NaN                      NaN                      NaN                      NaN                      NaN
0.20000000000000018       0                        NaN                      NaN                      NaN                      NaN                      NaN                      NaN                      NaN                      NaN
0.20999999999999996       0                        NaN                      NaN                      NaN                      NaN                      NaN                      NaN                      NaN                      NaN
0.2200000000000002        0                        NaN                      NaN                      NaN                      NaN                      NaN                      NaN                      NaN                      NaN
0.22999999999999998       0                        NaN                      NaN                      NaN                      NaN                      NaN                      NaN                      NaN                      NaN
0.2400000000000002        0                        NaN                      NaN                      NaN                      NaN                      NaN                      NaN                      NaN                      NaN
0.25                      0                        NaN                      NaN                      NaN                      NaN                      NaN                      NaN                      NaN                      NaN
0.26000000000000023       0                        NaN                      NaN                      NaN                      NaN                      NaN                      NaN                      NaN                      NaN
0.27                      0                        NaN                      NaN                      NaN                      NaN                      NaN                      NaN                      NaN                      NaN
0.28000000000000025       0                        NaN                      NaN                      NaN                      NaN                      NaN                      NaN                      NaN                      NaN
0.29000000000000004       0                        NaN                      NaN                      NaN                      NaN                      NaN                      NaN                      NaN                      NaN
0.30000000000000027       0                        NaN                      NaN                      NaN                      NaN                      NaN                      NaN                      NaN                      NaN
0.31000000000000005       0                        NaN                      NaN                      NaN                      NaN                      NaN                      NaN                      NaN                      NaN
0.31999999999999984       0                        NaN                      NaN                      NaN                      NaN                      NaN                      NaN                      NaN                      NaN
0.33000000000000007       0                        NaN                      NaN                      NaN                      NaN                      NaN                      NaN                      NaN                      NaN
0.33999999999999986       0                        NaN                      NaN                      NaN                      NaN                      NaN                      NaN                      NaN                      NaN
0.3500000000000001        0                        NaN                      NaN                      NaN                      NaN                      NaN                      NaN                      NaN                      NaN
0.3599999999999999        0                        NaN                      NaN                      NaN                      NaN                      NaN                      NaN                      NaN                      NaN
0.3700000000000001        0                        NaN                      NaN                      NaN                      NaN                      NaN                      NaN                      NaN                      NaN
0.3799999999999999        0                        NaN                      NaN                      NaN                      NaN                      NaN                      NaN                      NaN                      NaN
0.3900000000000001        0                        NaN                      NaN                      NaN                      NaN                      NaN                      NaN                      NaN                      NaN
0.3999999999999999        0                        NaN                      NaN                      NaN                      NaN                      NaN                      NaN                      NaN                      NaN
0.41000000000000014       0                        NaN                      NaN                      NaN                      NaN                      NaN                      NaN                      NaN                      NaN
0.41999999999999993       0                        NaN                      NaN                      NaN                      NaN                      NaN                      NaN                      NaN                      NaN
0.43000000000000016       0                        NaN                      NaN                      NaN                      NaN                      NaN                      NaN                      NaN                      NaN
0.43999999999999995       0                        NaN                      NaN                      NaN                      NaN                      NaN                      NaN                      NaN                      NaN
0.4500000000000002        0                        NaN                      NaN                      NaN                      NaN                      NaN                      NaN                      NaN                      NaN
0.45999999999999996       0                        NaN                      NaN                      NaN                      NaN                      NaN                      NaN                      NaN                      NaN
0.4700000000000002        0                        NaN                      NaN                      NaN                      NaN                      NaN                      NaN                      NaN                      NaN
0.48                      0                        NaN                      NaN                      NaN                      NaN                      NaN                      NaN                      NaN                      NaN
0.4900000000000002        0                        NaN                      NaN                      NaN                      NaN                      NaN                      NaN                      NaN                      NaN
0.5                       0                        NaN                      NaN                      NaN                      NaN                      NaN                      NaN                      NaN                      NaN
0.5100000000000002        0                        NaN                      NaN                      NaN                      NaN                      NaN                      NaN                      NaN                      NaN
0.52                      0                        NaN                      NaN                      NaN                      NaN                      NaN                      NaN                      NaN                      NaN
0.5300000000000002        0                        NaN                      NaN                      NaN                      NaN                      NaN                      NaN                      NaN                      NaN
0.54                      0                        NaN                      NaN                      NaN                      NaN                      NaN                      NaN                      NaN                      NaN
0.5500000000000003        0                        NaN                      NaN                      NaN                      NaN                      NaN                      NaN                      NaN                      NaN
0.56                      0                        NaN                      NaN                      NaN                      NaN                      NaN                      NaN                      NaN                      NaN
0.5699999999999998        0                        NaN                      NaN                      NaN                      NaN                      NaN                      NaN                      NaN                      NaN
0.5800000000000001        0                        NaN                      NaN                      NaN                      NaN                      NaN                      NaN                      NaN                      NaN
0.5899999999999999        0                        NaN                      NaN                      NaN                      NaN                      NaN                      NaN                      NaN                      NaN
0.6000000000000001        0                        NaN                      NaN                      NaN                      NaN                      NaN                      NaN                      NaN                      NaN
0.6099999999999999        0                        NaN                      NaN                      NaN                      NaN                      NaN                      NaN                      NaN                      NaN
0.6200000000000001        0                        NaN                      NaN                      NaN                      NaN                      NaN                      NaN                      NaN                      NaN
0.6299999999999999        0                        NaN                      NaN                      NaN                      NaN                      NaN                      NaN                      NaN                      NaN
0.6400000000000001        0                        NaN                      NaN                      NaN                      NaN                      NaN                      NaN                      NaN                      NaN
0.6499999999999999        0                        NaN                      NaN                      NaN                      NaN                      NaN                      NaN                      NaN                      NaN
0.6600000000000001        0                        NaN                      NaN                      NaN                      NaN                      NaN                      NaN                      NaN                      NaN
0.6699999999999999        0                        NaN                      NaN                      NaN                      NaN                      NaN                      NaN                      NaN                      NaN
0.6800000000000002        0                        NaN                      NaN                      NaN                      NaN                      NaN                      NaN                      NaN                      NaN
0.69                      0                        NaN                      NaN                      NaN                      NaN                      NaN                      NaN                      NaN                      NaN
0.7000000000000002        0                        NaN                      NaN                      NaN                      NaN                      NaN                      NaN                      NaN                      NaN
0.71                      0                        NaN                      NaN                      NaN                      NaN                      NaN                      NaN                      NaN                      NaN
0.7200000000000002        0                        NaN                      NaN                      NaN                      NaN                      NaN                      NaN                      NaN                      NaN
0.73                      0                        NaN                      NaN                      NaN                      NaN                      NaN                      NaN                      NaN                      NaN
0.7400000000000002        0                        NaN                      NaN                      NaN                      NaN                      NaN                      NaN                      NaN                      NaN
0.75                      0                        NaN                      NaN                      NaN                      NaN                      NaN                      NaN                      NaN                      NaN
0.7600000000000002        0                        NaN                      NaN                      NaN                      NaN                      NaN                      NaN                      NaN                      NaN
0.77                      0                        NaN                      NaN                      NaN                      NaN                      NaN                      NaN                      NaN                      NaN
0.7800000000000002        0                        NaN                      NaN                      NaN                      NaN                      NaN                      NaN                      NaN                      NaN
0.79                      0                        NaN                      NaN                      NaN                      NaN                      NaN                      NaN                      NaN                      NaN
0.8000000000000003        0                        NaN                      NaN                      NaN                      NaN                      NaN                      NaN                      NaN                      NaN
0.81                      0                        NaN                      NaN                      NaN                      NaN                      NaN                      NaN                      NaN                      NaN
0.8199999999999998        0                        NaN                      NaN                      NaN                      NaN                      NaN                      NaN                      NaN                      NaN
0.8300000000000001        0                        NaN                      NaN                      NaN                      NaN                      NaN                      NaN                      NaN                      NaN
0.8399999999999999        0                        NaN                      NaN                      NaN                      NaN                      NaN                      NaN                      NaN                      NaN
0.8500000000000001        0                        NaN                      NaN                      NaN                      NaN                      NaN                      NaN                      NaN                      NaN
0.8599999999999999        0                        NaN                      NaN                      NaN                      NaN                      NaN                      NaN                      NaN                      NaN
0.8700000000000001        0                        NaN                      NaN                      NaN                      NaN                      NaN                      NaN                      NaN                      NaN
0.8799999999999999        0                        NaN                      NaN                      NaN                      NaN                      NaN                      NaN                      NaN                      NaN
0.8900000000000001        0                        NaN                      NaN                      NaN                      NaN                      NaN                      NaN                      NaN                      NaN
0.8999999999999999        0                        NaN                      NaN                      NaN                      NaN                      NaN                      NaN                      NaN                      NaN
0.9100000000000001        0                        NaN                      NaN                      NaN                      NaN                      NaN                      NaN                      NaN                      NaN
0.9199999999999999        0                        NaN                      NaN                      NaN                      NaN                      NaN                      NaN                      NaN                      NaN
0.9300000000000002        0                        NaN                      NaN                      NaN                      NaN                      NaN                      NaN                      NaN                      NaN
0.94                      0                        NaN                      NaN                      NaN                      NaN                      NaN                      NaN                      NaN                      NaN
0.9500000000000002        0                        NaN                      NaN                      NaN                      NaN                      NaN                      NaN                      NaN                      NaN
0.96                      0                        NaN                      NaN                      NaN                      NaN                      NaN                      NaN                      NaN                      NaN
0.9700000000000002        0                        NaN                      NaN                      NaN                      NaN                      NaN                      NaN                      NaN                      NaN
0.98                      0                        NaN                      NaN                      NaN                      NaN                      NaN                      NaN                      NaN                      NaN
0.9900000000000002        0                        NaN                      NaN                      NaN                      NaN                      NaN                      NaN                      NaN                      NaN
1                         0                        NaN                      NaN                      NaN                      NaN                      NaN                      NaN                      NaN                      NaN
1.0100000000000002        0                        NaN                      NaN                      NaN                      NaN                      NaN                      NaN                      NaN                      NaN
1.02                      0                        NaN                      NaN                      NaN                      NaN                      NaN                      NaN                      NaN                      NaN
1.0300000000000002        0                        NaN                      NaN                      NaN                      NaN                      NaN                      NaN                      NaN                      NaN
1.04                      0                        NaN                      NaN                      NaN                      NaN                      NaN                      NaN                      NaN                      NaN
1.0500000000000003        0                        NaN                      NaN                      NaN                      NaN                      NaN                      NaN                      NaN                      NaN
1.06                      0                        NaN                      NaN                      NaN                      NaN                      NaN                      NaN                      NaN                      NaN
1.0700000000000003        0                        NaN                      NaN                      NaN                      NaN                      NaN                      NaN                      NaN                      NaN
1.08                      0                        NaN                      NaN                      NaN                      NaN                      NaN                      NaN                      NaN                      NaN
1.0899999999999999        0                        NaN                      NaN                      NaN                      NaN                      NaN                      NaN                      NaN                      NaN
1.1                       0                        NaN                      NaN                      NaN                      NaN                      NaN                      NaN                      NaN                      NaN
1.1099999999999999        0                        NaN                      NaN                      NaN                      NaN                      NaN                      NaN                      NaN                      NaN
1.12                      0                        NaN                      NaN                      NaN                      NaN                      NaN                      NaN                      NaN                      NaN
1.13                      0                        NaN                      NaN                      NaN                      NaN                      NaN                      NaN                      NaN                      NaN
1.1400000000000001        0                        NaN                      NaN                      NaN                      NaN                      NaN                      NaN                      NaN                      NaN
1.15                      0                        NaN                      NaN                      NaN                      NaN                      NaN                      NaN                      NaN                      NaN
1.1600000000000001        0                        NaN                      NaN                      NaN                      NaN                      NaN                      NaN                      NaN                      NaN
1.17                      0                        NaN                      NaN                      NaN                      NaN                      NaN                      NaN                      NaN                      NaN
1.1800000000000002        0                        NaN                      NaN                      NaN                      NaN                      NaN                      NaN                      NaN                      NaN
1.19                      0                        NaN                      NaN                      NaN                      NaN                      NaN                      NaN                      NaN                      NaN
1.2000000000000002        0                        NaN                      NaN                      NaN                      NaN                      NaN                      NaN                      NaN                      NaN
1.21                      0                        NaN                      NaN                      NaN                      NaN                      NaN                      NaN                      NaN                      NaN
1.2200000000000002        0                        NaN                      NaN                      NaN                      NaN                      NaN                      NaN                      NaN                      NaN
1.23                      0                        NaN                      NaN                      NaN                      NaN                      NaN                      NaN                      NaN                      NaN
1.2400000000000002        0                        NaN                      NaN                      NaN                      NaN                      NaN                      NaN                      NaN                      NaN
1.25                      0                        NaN                      NaN                      NaN                      NaN                      NaN                      NaN                      NaN                      NaN
1.2600000000000002        0                        NaN                      NaN                      NaN                      NaN                      NaN                      NaN                      NaN                      NaN
1.27                      0                        NaN                      NaN                      NaN                      NaN                      NaN                      NaN                      NaN                      NaN
1.2800000000000002        0                        NaN                      NaN                      NaN                      NaN                      NaN                      NaN                      NaN                      NaN
1.29                      0                        NaN                      NaN                      NaN                      NaN                      NaN                      NaN                      NaN                      NaN
1.3000000000000003        0                        NaN                      NaN                      NaN                      NaN                      NaN                      NaN                      NaN                      NaN
1.31                      0                        NaN                      NaN                      NaN                      NaN                      NaN                      NaN                      NaN                      NaN
1.3200000000000003        0                        NaN                      NaN                      NaN                      NaN                      NaN                      NaN                      NaN                      NaN
1.33                      0                        NaN                      NaN                      NaN                      NaN                      NaN                      NaN                      NaN                      NaN
1.3399999999999999        0                        NaN                      NaN                      NaN                      NaN                      NaN                      NaN                      NaN                      NaN
1.35                      0                        NaN                      NaN                      NaN                      NaN                      NaN                      NaN                      NaN                      NaN
1.3599999999999999        0                        NaN                      NaN                      NaN                      NaN                      NaN                      NaN                      NaN                      NaN
1.37                      0                        NaN                      NaN                      NaN                      NaN                      NaN                      NaN                      NaN                      NaN
1.38                      0                        NaN                      NaN                      NaN                      NaN                      NaN                      NaN                      NaN                      NaN
1.3900000000000001        0                        NaN                      NaN                      NaN                      NaN                      NaN                      NaN                      NaN                      NaN
1.4                       0                        NaN                      NaN                      NaN                      NaN                      NaN                      NaN                      NaN                      NaN
1.4100000000000001        0                        NaN                      NaN                      NaN                      NaN                      NaN                      NaN                      NaN                      NaN
1.42                      0                        NaN                      NaN                      NaN                      NaN                      NaN                      NaN                      NaN                      NaN
1.4300000000000002        0                        NaN                      NaN                      NaN                      NaN                      NaN                      NaN                      NaN                      NaN
1.44                      0                        NaN                      NaN                      NaN                      NaN                      NaN                      NaN                      NaN                      NaN
1.4500000000000002        0                        NaN                      NaN                      NaN                      NaN                      NaN                      NaN                      NaN                      NaN
1.46                      0                        NaN                      NaN                      NaN                      NaN                      NaN                      NaN                      NaN                      NaN
1.4700000000000002        0                        NaN                      NaN                      NaN                      NaN                      NaN                      NaN                      NaN                      NaN
1.48                      0                        NaN                      NaN                      NaN                      NaN                      NaN                      NaN                      NaN                      NaN
1.4900000000000002        0                        NaN                      NaN                      NaN                      NaN                      NaN                      NaN                      NaN                      NaN
1.5                       0                        NaN                      NaN                      NaN                      NaN                      NaN                      NaN                      NaN                      NaN
1.5100000000000002        0                        NaN                      NaN                      NaN                      NaN                      NaN                      NaN                      NaN                      NaN
1.52                      0                        NaN                      NaN                      NaN                      NaN                      NaN                      NaN                      NaN                      NaN
1.5300000000000002        0                        NaN                      NaN                      NaN                      NaN                      NaN                      NaN                      NaN                      NaN
1.54                      0                        NaN                      NaN                      NaN                      NaN                      NaN                      NaN                      NaN                      NaN
1.5500000000000003        0                        NaN                      NaN                      NaN                      NaN                      NaN                      NaN                      NaN                      NaN
1.56                      0                        NaN                      NaN                      NaN                      NaN                      NaN                      NaN                      NaN                      NaN
1.5700000000000003        0                        NaN                      NaN                      NaN                      NaN                      NaN                      NaN                      NaN                      NaN
1.58                      0                        NaN                      NaN                      NaN                      NaN                      NaN                      NaN                      NaN                      NaN
1.5899999999999999        0                        NaN                      NaN                      NaN                      NaN                      NaN                      NaN                      NaN                      NaN
1.6                       0                        NaN                      NaN                      NaN                      NaN                      NaN                      NaN                      NaN                      NaN
1.6099999999999999        0                        NaN                      NaN                      NaN                      NaN                      NaN                      NaN                      NaN                      NaN
1.62                      0                        NaN                      NaN                      NaN                      NaN                      NaN                      NaN                      NaN                      NaN
1.63                      0                        NaN                      NaN                      NaN                      NaN                      NaN                      NaN                      NaN                      NaN
1.6400000000000001        0                        NaN                      NaN                      NaN                      NaN                      NaN                      NaN                      NaN                      NaN
1.65                      0                        NaN                      NaN                      NaN                      NaN                      NaN                      NaN                      NaN                      NaN
1.6600000000000001        0                        NaN                      NaN                      NaN                      NaN                      NaN                      NaN                      NaN                      NaN
1.67                      0                        NaN                      NaN                      NaN                      NaN                      NaN                      NaN                      NaN                      NaN
1.6800000000000002        0                        NaN                      NaN                      NaN                      NaN                      NaN                      NaN                      NaN                      NaN
1.69                      0                        NaN                      NaN                      NaN                      NaN                      NaN                      NaN                      NaN                      NaN
1.7000000000000002        0                        NaN                      NaN                      NaN                      NaN                      NaN                      NaN                      NaN                      NaN
1.71                      0                        NaN                      NaN                      NaN                      NaN                      NaN                      NaN                      NaN                      NaN
1.7200000000000002        0                        NaN                      NaN                      NaN                      NaN                      NaN                      NaN                      NaN                      NaN
1.73                      0                        NaN                      NaN                      NaN                      NaN                      NaN                      NaN                      NaN                      NaN
1.7400000000000002        0                        NaN                      NaN                      NaN                      NaN                      NaN                      NaN                      NaN                      NaN
1.75                      0                        NaN                      NaN                      NaN                      NaN                      NaN                      NaN                      NaN                      NaN
1.7600000000000002        0                        NaN                      NaN                      NaN                      NaN                      NaN                      NaN                      NaN                      NaN
1.77                      0                        NaN                      NaN                      NaN                      NaN                      NaN                      NaN                      NaN                      NaN
1.7800000000000002        0                        NaN                      NaN                      NaN                      NaN                      NaN                      NaN                      NaN                      NaN
1.79                      0                        NaN                      NaN                      NaN                      NaN                      NaN                      NaN                      NaN                      NaN
1.8000000000000003        0                        NaN                      NaN                      NaN                      NaN                      NaN                      NaN                      NaN                      NaN
1.81                      0                        NaN                      NaN                      NaN                      NaN                      NaN                      NaN                      NaN                      NaN
1.8200000000000003        0                        NaN                      NaN                      NaN                      NaN                      NaN                      NaN                      NaN                      NaN
1.83                      0                        NaN                      NaN                      NaN                      NaN                      NaN                      NaN                      NaN                      NaN
1.8399999999999999        0                        NaN                      NaN                      NaN                      NaN                      NaN                      NaN                      NaN                      NaN
1.85                      0                        NaN                      NaN                      NaN                      NaN                      NaN                      NaN                      NaN                      NaN
1.8599999999999999        0                        NaN                      NaN                      NaN                      NaN                      NaN                      NaN                      NaN                      NaN
1.87                      0                        NaN                      NaN                      NaN                      NaN                      NaN                      NaN                      NaN                      NaN
1.88                      0                        NaN                      NaN                      NaN                      NaN                      NaN                      NaN                      NaN                      NaN
1.8900000000000001        0                        NaN                      NaN                      NaN                      NaN                      NaN                      NaN                      NaN                      NaN
1.9                       0                        NaN                      NaN                      NaN                      NaN                      NaN                      NaN                      NaN                      NaN
1.9100000000000001        0                        NaN                      NaN                      NaN                      NaN                      NaN                      NaN                      NaN                      NaN
1.92                      0                        NaN                      NaN                      NaN                      NaN                      NaN                      NaN                      NaN                      NaN
1.9300000000000002        0                        NaN                      NaN                      NaN                      NaN                      NaN                      NaN                      NaN                      NaN
1.94                      0                        NaN                      NaN                      NaN                      NaN                      NaN                      NaN                      NaN                      NaN
1.9500000000000002        0                        NaN                      NaN                      NaN                      NaN                      NaN                      NaN                      NaN                      NaN
1.96                      0                        NaN                      NaN                      NaN                      NaN                      NaN                      NaN                      NaN                      NaN
1.9700000000000002        0                        NaN                      NaN                      NaN                      NaN                      NaN                      NaN                      NaN                      NaN
1.98                      0                        NaN                      NaN                      NaN                      NaN                      NaN                      NaN                      NaN                      NaN
1.9900000000000002        0                        NaN                      NaN                      NaN                      NaN                      NaN                      NaN                      NaN                      NaN
2                         0                        NaN                      NaN                      NaN                      NaN                      NaN                      NaN                      NaN                      NaN
