% Model:              C1fullScale.mph
% Version:            COMSOL 5.6.0.280
% Date:               Apr 12 2021, 16:40
% Dimension:          2
% Nodes:              401
% Expressions:        6
% Description:        Velocity field, x component, Velocity field, y component, Concentration, Gradient of c, x component, Gradient of c, y component, 
% Length unit:        m
% x                       y                        u (m/s)                  v (m/s)                  c (mol/m^3)              cx (mol/m^4)             cy (mol/m^4)             -u*c+cx
-2                        0                        1.499317436440751        6.311114928899019E-11    0.9439945712893283       -0.018401395593861305    -6.0890311458809135E-9   -1.433748916233363
-1.99                     0                        1.4993174670584          8.245452667139496E-11    0.9438105793815738       -0.018396986366199915    -7.804210181510199E-10   -1.433468673627502
-1.98                     0                        1.4993175008351356       1.4797419354806389E-10   0.9436266316200591       -0.01839255895484702     5.778465577745755E-10    -1.4331884819969112
-1.97                     0                        1.4993175381346238       1.4445155317801675E-10   0.9434427281220487       -0.01838813772074976     -2.0947257578338985E-9   -1.4329083662197128
-1.96                     0                        1.4993175790357043       1.3662567115737203E-10   0.9432588689275464       -0.018383694978914476    -4.033962092848647E-9    -1.43262829874332
-1.95                     0                        1.4993176241179582       1.7890189083402392E-10   0.9430750542081539       -0.018379249746655012    -1.530273621228618E-9    -1.432348299386939
-1.94                     0                        1.4993176738464808       1.8405929467333073E-10   0.9428912839487663       -0.01837478542360061     -3.102702942294258E-8    -1.4320683519637867
-1.93                     0                        1.4993177283159282       9.163447441518229E-11    0.9427075582360842       -0.01837034002740842     -2.2779000418167045E-9   -1.4317884947081898
-1.92                     0                        1.4993177880291444       8.133381996531316E-11    0.9425238771418339       -0.01836587563197747     -1.0018854743542027E-8   -1.431508690272925
-1.91                     0                        1.4993178532382558       2.1154944112860166E-10   0.9423402407933132       -0.01836139319988561     -7.345795081445665E-9    -1.431228940046137
-1.9                      0                        1.4993179250215936       1.7119536369489265E-10   0.9421566492665048       -0.018356911313566465    -4.426673880854035E-10   -1.4309492637371197
-1.89                     0                        1.4993180033455926       7.279997726974112E-11    0.9419731026047401       -0.018352422353355217    6.532641553265681E-9     -1.4306696537559473
-1.88                     0                        1.4993180888275959       1.7706231419159598E-10   0.9417896008910401       -0.018347920141057572    4.678693286414987E-9     -1.4303901046267162
-1.87                     0                        1.4993181822290917       1.6092941782457194E-10   0.9416061442372935       -0.018343408501797574    1.5533463771839195E-9    -1.4301106210554004
-1.8599999999999999       0                        1.4993182838735342       1.9509104196756893E-10   0.9414227327198627       -0.018338892468590526    5.430997750112856E-9     -1.4298312084896678
-1.85                     0                        1.499318394754517        1.5880339991329887E-10   0.9412393664149714       -0.01833436766881061     9.83239644279029E-10     -1.4295518636018643
-1.84                     0                        1.4993185154619548       1.5594433130348384E-10   0.9410560454012779       -0.018329829689672412    2.390863429492665E-9     -1.4292725826472141
-1.83                     0                        1.4993186466559825       1.1545490190460998E-10   0.9408727697878024       -0.01832529031085675     -3.149524899537495E-9    -1.4289933781845705
-1.82                     0                        1.4993187889093453       1.5721629645717537E-10   0.9406895396469281       -0.0183207358774269      -2.8345511671244492E-9   -1.4287142372005488
-1.81                     0                        1.4993189438530843       1.3276254939069964E-10   0.9405063550695428       -0.01831618013732061     1.7623614070344806E-9    -1.4284351751073014
-1.8                      0                        1.4993191117737137       1.5498704162064146E-10   0.9403232161678835       -0.01831160371428649     -9.995054697930418E-9    -1.4281561729593193
-1.79                     0                        1.499319293860367        4.925151797305919E-10    0.9401401229964536       -0.018307028577784594    -5.2417177906880375E-9   -1.427877253918626
-1.78                     0                        1.4993194911906085       7.218616827630721E-11    0.9399570756362045       -0.018302441478192717    -8.486128398397771E-9    -1.427598405862079
-1.77                     0                        1.4993197043600677       -5.670134586358047E-11   0.9397740741978141       -0.01829784310297345     2.519010939353386E-9     -1.4273196301944964
-1.76                     0                        1.4993199348714121       1.0254406628654018E-10   0.9395911187817968       -0.018293237494989574    7.48528103586402E-9      -1.4270409325126705
-1.75                     0                        1.499320183981466        -2.455652840510328E-10   0.9394082094957603       -0.018288618172930152    3.4637333201850745E-9    -1.4267623076678133
-1.74                     0                        1.499320453432317        6.604101450779697E-11    0.9392253464236916       -0.018283994116187318    -5.289681560985194E-9    -1.4264837663912817
-1.73                     0                        1.4993207434838116       -7.859427734767388E-10   0.9390425296573595       -0.018279358381464297    -7.001220575837733E-9    -1.4262053021102556
-1.72                     0                        1.4993210566215482       3.90696019467732E-11     0.9388597592784084       -0.018274716345877785    3.133217346165825E-9     -1.4259269226466336
-1.71                     0                        1.4993213938039087       -7.341369921974668E-10   0.9386770354050581       -0.018270059941519107    -4.1732744947837835E-9   -1.4256486209967518
-1.7                      0                        1.499321756361603        -3.902519809182331E-10   0.9384943581161147       -0.018265395326098735    -6.7755245609535E-9      -1.425370404672207
-1.69                     0                        1.4993221472132285       -5.376101045326146E-10   0.9383117275379175       -0.018260722375129386    2.0735201933253173E-9    -1.4250922764626337
-1.68                     0                        1.499322566343504        -3.0658681636889634E-10  0.9381291437443416       -0.018256033932816114    5.898167223817876E-9     -1.4248142292932164
-1.67                     0                        1.4993230164702842       -3.8863444074336955E-10  0.937946606882087        -0.018251337702897316    4.475338024471047E-9     -1.4245362736214158
-1.66                     0                        1.4993235003557706       -4.259391987089635E-10   0.9377641170217622       -0.018246629935820588    3.488137124410393E-9     -1.4242584083769276
-1.65                     0                        1.4993240182660632       -7.212992486980037E-10   0.9375816742491453       -0.018241919574732087    -2.171453051912365E-9    -1.4239806428625836
-1.6400000000000001       0                        1.4993245739159295       -1.0106597383529237E-9   0.9373992786787702       -0.018237191068240018    1.2030686544064554E-8    -1.4237029651623867
-1.63                     0                        1.4993251685686673       -1.1043612129114893E-9   0.9372169304263473       -0.01823245583865952     -2.5593998608046745E-9   -1.4234253880355516
-1.62                     0                        1.4993258039685722       -1.6485882568326178E-9   0.9370346295801703       -0.018227710480388414    -7.01637914837088E-9     -1.4231479098220705
-1.6099999999999999       0                        1.4993264818051046       -1.181090977445053E-9    0.9368523762836308       -0.01822294735841981     -4.632047950491417E-9    -1.4228705246625082
-1.6                      0                        1.4993272081815656       -9.499535459499445E-10   0.9366701706393481       -0.018218180946019694    -3.8238506237978996E-10  -1.4225932528776641
-1.5899999999999999       0                        1.4993279834782585       -1.249877514304184E-9    0.9364880127335462       -0.01821340408512574     1.3518817753878599E-9    -1.4223160877684753
-1.58                     0                        1.499328807789497        -1.4634730256054483E-9   0.9363059026742019       -0.01820860934254771     4.133517134627604E-9     -1.4220390221253278
-1.57                     0                        1.4993296866834998       -1.4328649765913827E-9   0.936123840573337        -0.018203809083755827    -2.7944990533279316E-10  -1.4217620736675316
-1.56                     0                        1.499330621878274        -1.6919623187271097E-9   0.935941826545781        -0.018198995015020595    -1.7671307560338432E-8   -1.421485235851794
-1.55                     0                        1.4993316159696484       -2.2952771582744373E-9   0.9357598607323402       -0.018194168130422243    3.5008782050012877E-9    -1.421208512281775
-1.54                     0                        1.4993326708384493       -2.735056786450485E-9    0.9355779432103409       -0.018189333580379424    -3.6571101702061774E-9   -1.420931909951483
-1.53                     0                        1.499333790086987        -2.716437946920603E-9    0.9353960740834455       -0.018184486809864092    -2.1856249314010144E-9   -1.4206554277978845
-1.52                     0                        1.4993349771522355       -2.3016843094701253E-9   0.9352142535032174       -0.018179627379264422    -4.540959019066195E-9    -1.420379068787956
-1.51                     0                        1.499336233592272        -3.6310295198132958E-9   0.9350324815778636       -0.01817475440151822     -4.247155328989686E-9    -1.4201028336169077
-1.5                      0                        1.499337563986775        -3.5158880137692312E-9   0.9348507584028309       -0.018169876128358832    -1.5218706999051888E-10  -1.4198267349232485
-1.49                     0                        1.4993389673559534       -3.368615160663196E-9    0.9346690840955331       -0.018164982382689158    5.154491702216801E-10    -1.4195507617500205
-1.48                     0                        1.4993404453606443       -3.083520537233402E-9    0.9344874588073794       -0.01816007367402774     2.6624006875421207E-9    -1.4192749163462206
-1.47                     0                        1.499342005606954        -3.039109783843422E-9    0.9343058826469858       -0.0181551584758095      3.2383071909818434E-9    -1.4189992144141166
-1.46                     0                        1.499343646279544        -3.805329399550422E-9    0.9341243557088494       -0.018150228090065286    3.26997758235961E-9      -1.4187236456571015
-1.45                     0                        1.499345372292977        -5.616771536390702E-9    0.9339428781323854       -0.018145283972212968    6.313826862898303E-9     -1.4184482162859888
-1.44                     0                        1.4993471833297634       -6.642049370071956E-9    0.9337614500246887       -0.01814034098394933     -7.428217014431454E-9    -1.4181729409803818
-1.43                     0                        1.4993490806373324       -6.482989627805316E-9    0.933580071475369        -0.01813537044512256     -8.551084659181838E-9    -1.4178977923130522
-1.42                     0                        1.4993510630106122       -6.825713059182625E-9    0.9333987426471991       -0.01813039260075384     -8.774528694280294E-9    -1.4176227896016007
-1.4100000000000001       0                        1.4993531368419775       -6.340316214540421E-9    0.9332174636548777       -0.01812540186878769     -5.671981808932351E-9    -1.4173479333554426
-1.4                      0                        1.4993552954061102       -7.332569019801203E-9    0.9330362346035188       -0.018120403275071976    -7.363793963104504E-9    -1.4170732224336355
-1.3900000000000001       0                        1.499357540175864        -7.575394137231282E-9    0.9328550556302874       -0.018115390591184454    -6.718270116036099E-9    -1.416798652141631
-1.38                     0                        1.4993598725727195       -7.931363607608783E-9    0.9326739268628665       -0.01811036359803881     -5.119576450934448E-9    -1.4165242237310445
-1.37                     0                        1.4993622875548085       -7.918464046110129E-9    0.9324928484062854       -0.018105325684865975    -1.2865047779566358E-9   -1.4162499359998133
-1.3599999999999999       0                        1.4993647857736343       -8.3459035780179E-9      0.9323118203713024       -0.018100278843582788    -2.1295551910254803E-9   -1.4159757916688278
-1.35                     0                        1.4993673567089505       -9.226962330359912E-9    0.9321308428823801       -0.018095215821425162    -1.5885570443944874E-9   -1.4157017738208655
-1.3399999999999999       0                        1.4993700001582195       -8.569495987428446E-9    0.9319499160743404       -0.018090144162025767    1.5805457200783237E-9    -1.4154278899738624
-1.33                     0                        1.4993727075605991       -1.0929636904378025E-8   0.931769040040417        -0.01808506023484296     2.13769268802102E-9      -1.4151541286213833
-1.3199999999999998       0                        1.4993754694425745       -8.104666176574101E-9    0.9315882149083369       -0.018079964464260592    3.3071628076088726E-9    -1.4148804815196183
-1.31                     0                        1.4993782767100243       -1.2265524822390118E-8   0.9314074408124904       -0.018074853858791255    5.097406010860478E-9     -1.414606937379117
-1.2999999999999998       0                        1.4993811151994985       -1.2526804648969543E-8   0.931226717872619        -0.01806973291770206     3.494252945994417E-9     -1.4143334876651181
-1.29                     0                        1.4993839798143238       -1.0987078773326146E-8   0.93104604618581         -0.01806460477074073     6.705390153909064E-9     -1.4140601308912113
-1.28                     0                        1.4993868418693126       -1.3697100298853393E-8   0.9308654258454238       -0.01805946281720846     1.1636475837080792E-9    -1.4137868338809112
-1.27                     0                        1.4993896892164118       -1.5828039314205985E-8   0.930684856961715        -0.01805430652998733     2.4272749265554022E-8    -1.4135135849682339
-1.26                     0                        1.4993925010008835       -1.2585659490815618E-8   0.9305043397000855       -0.018049143961218688    5.129104727310557E-10    -1.4132403730563057
-1.25                     0                        1.4993952411348987       -1.4420511623535E-8      0.9303238741118838       -0.018043971195682122    -4.0921983334945405E-9   -1.4129671607532233
-1.24                     0                        1.4993978969336128       -1.833572293933797E-8    0.9301434603094036       -0.018038785779093746    -3.507408841517116E-9    -1.412693934013567
-1.23                     0                        1.4994004168826618       -1.302284374923868E-8    0.929963098413983        -0.018033591272537664    -6.10106464952405E-9     -1.4124206487199553
-1.22                     0                        1.4994027790272348       -2.2545019761737494E-8   0.9297827885187991       -0.01802838585988009     -3.1645371182749458E-9   -1.4121472828566595
-1.21                     0                        1.499404930605021        -1.5627381962545795E-8   0.9296025307190988       -0.018023172314347965    -3.1772319269538382E-9   -1.4118737903774703
-1.2                      0                        1.4994068291581109       -2.497783874562564E-8    0.9294223251148866       -0.018017947077497282    -1.241126623270295E-9    -1.4116001285267683
-1.19                     0                        1.4994084085590307       -2.598980844878278E-8    0.9292421718022724       -0.01801271390710293     2.080496270840185E-9     -1.4113262398950857
-1.18                     0                        1.4994096223592581       -1.4102277185803662E-8   0.9290620708399931       -0.01800747609473352     -1.259993387675161E-9    -1.411052084881238
-1.17                     0                        1.4994103878693776       -3.277494735569648E-8    0.9288820223085787       -0.01800222721301689     6.1324744099384905E-9    -1.4107775805676148
-1.1600000000000001       0                        1.4994106490564476       -2.3305672111858236E-8   0.9287020263110456       -0.01799697273885255     -5.1738262908768635E-9   -1.4105026807899355
-1.15                     0                        1.4994103019015008       -2.5466807236662468E-8   0.9285220828744307       -0.017991712087140694    -1.2050643897771124E-8   -1.4102272886921012
-1.1400000000000001       0                        1.4994092674868622       -2.0880071349140782E-8   0.9283421921374059       -0.0179864397136474      -4.814314274151637E-9    -1.409951326003543
-1.13                     0                        1.499407445818633        -3.62469665717948E-8     0.9281623540805954       -0.017981162924931817    8.812998491786117E-9     -1.4096747075619271
-1.12                     0                        1.4994046528681568       -9.32660308234611E-9     0.9279825688172975       -0.017975888336571884    -2.0828258202515038E-9   -1.4093972698017723
-1.1099999999999999       0                        1.4994008322078722       -5.416649666110083E-8    0.9278028363324564       -0.017970607167303167    -7.325251294102864E-10   -1.4091189520890126
-1.1                      0                        1.4993958084641752       -1.4512927461529189E-8   0.9276231566868999       -0.017965321911068723    -4.48118573096651E-10    -1.4088395948817132
-1.0899999999999999       0                        1.4993894723402645       -6.599115593259261E-8    0.9274435299270425       -0.01796002974024045     2.3409090658347446E-9    -1.408559094702941
-1.08                     0                        1.49938158215019         -1.0319454318708892E-9   0.9272639560701604       -0.01795474208265554     2.5868254856001178E-9    -1.4082772396059768
-1.0699999999999998       0                        1.4993719822981582       -7.456472058879708E-8    0.9270844350911892       -0.017949454606180706    1.1534026100087735E-9    -1.407993881806625
-1.06                     0                        1.4993604964928393       -2.2716638703869048E-8   0.9269049670208225       -0.01794415871446635     -1.6340784387973937E-11  -1.4077088502684856
-1.0499999999999998       0                        1.499346766069699        -1.5429859038559353E-8   0.9267255518650677       -0.017938874031112516    -6.175024691205175E-11   -1.407421833254159
-1.04                     0                        1.4993306321513984       -8.383838902441264E-8    0.9265461895496492       -0.017933587823096005    -5.814816662971524E-10   -1.4071326719180408
-1.03                     0                        1.4993117809617327       -8.859943245462289E-8    0.9263668800563619       -0.017928310430955264    8.938769073713588E-11    -1.4068410871922232
-1.02                     0                        1.4992900437753474       -1.3694658253619275E-8   0.9261876233438624       -0.01792303224726937     -1.4854461425258742E-9   -1.4065469145946738
-1.01                     0                        1.4992648879699768       -1.0056845083732043E-7   0.9260084193698692       -0.017917763156951358    1.7297883236734202E-9    -1.4062496722827738
-1                        0                        1.4992360228741104       -3.704290995427734E-8    0.9258292680260936       -0.017912509526074413    -5.631650709535522E-9    -1.4059490991819636
-0.99                     0                        1.4992029267500229       -1.0033327771227324E-7   0.9256501691884012       -0.01790726062003414     5.64881903363526E-10     -1.405644703413939
-0.98                     0                        1.4991655226350382       -5.475794743052715E-9    0.9254711227853913       -0.017902022191847937    3.3481665739648192E-9    -1.4053364216660449
-0.97                     0                        1.4991230926210932       -1.3017305207546202E-7   0.9252921287144197       -0.01789679647558348     8.645629870411898E-10    -1.405023594051899
-0.96                     0                        1.4990748285281639       -5.60617111888143E-8     0.9251131867966031       -0.01789158648601562     7.12994490792965E-9      -1.4047054783522768
-0.95                     0                        1.4990206326853126       -5.757498045894965E-8    0.9249342968239201       -0.017886402906858414    -3.1998302852481306E-9   -1.4043819977241958
-0.94                     0                        1.4989597489618578       5.803456899672483E-8     0.9247554586405888       -0.017881236139021713    -7.2593197382000775E-9   -1.4040524462740265
-0.9299999999999999       0                        1.4988915826853735       -7.665303255877264E-8    0.9245766720415022       -0.017876088258099967    -5.642405530375711E-9    -1.4037162795283626
-0.9199999999999999       0                        1.4988150937901092       5.081172306559238E-8     0.9243979367863187       -0.017870968813621626    8.285366883452717E-10    -1.4033725491373912
-0.9099999999999999       0                        1.4987299850530857       -1.3974686234890726E-7   0.924219252601888        -0.017865872529952302    3.620220711178069E-9     -1.403020979167754
-0.8999999999999999       0                        1.498635018027086        -1.0280012644371628E-7   0.9240406192376138       -0.01786080681157772     3.0656128243486513E-9    -1.402660436880499
-0.8899999999999999       0                        1.4985291417419224       -1.0089088006757853E-7   0.923862036355548        -0.01785577324204048     4.47926534065299E-9      -1.4022899576698646
-0.8799999999999999       0                        1.4984118665058879       -2.1102212139867748E-7   0.9236835035708195       -0.01785078546894944     -6.339026772466852E-9    -1.401909108115199
-0.8699999999999999       0                        1.4982818975798544       -7.388730821195431E-8    0.9235050205598776       -0.017845825723960193    -2.769308568344116E-9    -1.401516680352936
-0.8599999999999999       0                        1.4981380539481322       1.0592427395457606E-7    0.9233265868886605       -0.017840912874433748    -4.522071750099305E-10   -1.4011116089143825
-0.8499999999999999       0                        1.4979788832193632       -2.8329720277693575E-7   0.9231482021362094       -0.017836044952713178    3.852747706427234E-9     -1.400692557834675
-0.8400000000000001       0                        1.4978034343975783       -1.3541241263727949E-7   0.9229698658428395       -0.0178312233293581      4.251241907786308E-9     -1.4002586582342351
-0.8300000000000001       0                        1.4976101400671873       -2.7974728052385974E-7   0.9227915774909762       -0.017826454906218092    6.677425991907862E-9     -1.3998084785252998
-0.8200000000000001       0                        1.4973973493970314       -2.907482513605042E-7    0.9226133365151423       -0.017821747095446507    1.5090453449988948E-9    -1.399340511711572
-0.81                     0                        1.4971631367933609       -1.865912241921713E-7    0.9224351423273675       -0.01781710156820677     -1.035847420796977E-8    -1.3988529927434785
-0.8                      0                        1.4969062916938096       1.2501857983187667E-7    0.9222569943496443       -0.017812509620791252    -1.0893634594191219E-9   -1.398344807021396
-0.79                     0                        1.4966238318962182       -7.344817251808255E-8    0.9220788918773131       -0.01780799520101106     -1.6546412915667423E-9   -1.397813239673054
-0.78                     0                        1.496315469872243        -4.6743111054093684E-7   0.9219008342183416       -0.017803548886039283    -1.4278000976208896E-9   -1.3972580288150698
-0.77                     0                        1.4959775206021537       2.984646158284971E-7     0.921722820629443        -0.01779918344190874     3.031432314001584E-9     -1.3966758033295665
-0.76                     0                        1.4956082872805845       -6.339367421303692E-7    0.9215448503089525       -0.017794894235192177    4.475676524197741E-9     -1.3960650094580072
-0.75                     0                        1.4952047930016252       -3.627319149684547E-7    0.9213669224262416       -0.017790698757415388    -1.670510195156457E-9    -1.3954229372822886
-0.74                     0                        1.494764246526           1.0757909257657818E-7    0.9211890360762395       -0.017786589040081752    -6.831819123450028E-10   -1.394747024458594
-0.73                     0                        1.4942844697488524       1.844993410855723E-7     0.921011190311817        -0.01778258143288521     5.092370458843512E-9     -1.394035299580738
-0.72                     0                        1.4937616441194188       -4.928497542602165E-7    0.9208333841701233       -0.01777866653165333     1.1848434321482583E-8    -1.393284256429665
-0.71                     0                        1.493191354471193        -8.17296210215132E-7     0.9206556166264722       -0.017774862876903632    -1.2458889671277254E-8   -1.392489870068897
-0.7                      0                        1.4925730868519147       -3.154318956154912E-7    0.9204778865482082       -0.01777116902385002     -1.3807618451661887E-8   -1.3916516895280355
-0.69                     0                        1.4919006587799564       -4.594681367810568E-7    0.9203001928432943       -0.017767591927351493    -6.675494141108606E-10   -1.3907640559055832
-0.6799999999999999       0                        1.4911717292319224       -9.531648747825604E-8    0.9201225343134073       -0.01776413199186704     -1.1258509379731567E-9   -1.3898248425892494
-0.6699999999999999       0                        1.490381185900974        7.221048382202186E-7     0.9199449097307756       -0.017760802924079295    -4.894430421078443E-9    -1.388829388452197
-0.6599999999999999       0                        1.4895251595332548       -5.668085490618962E-7    0.9197673178143442       -0.017757602688932075    -3.090739150456079E-9    -1.387774163489817
-0.6499999999999999       0                        1.4885980022813792       1.3226100532022905E-6    0.9195897572279228       -0.017754539006413047    -3.184642118343342E-10   -1.3866540145343174
-0.6399999999999999       0                        1.4875950414866788       2.5997818882646094E-8    0.9194122265817708       -0.017751613938604634    1.0229142771709343E-9    -1.3854646832838737
-0.6299999999999999       0                        1.48651373755155         3.5691845845912215E-7    0.9192347244770144       -0.017748831400868623    2.0999758981587865E-9    -1.3842038773703647
-0.6199999999999999       0                        1.4853420305873077       -2.2082702506767075E-8   0.9190572494346226       -0.017746203966822804    -4.4527922316651655E-9   -1.382860565068031
-0.6099999999999999       0                        1.4840796048524973       9.728646960587192E-8     0.9188797999491201       -0.017743719723825664    8.903720677639891E-10    -1.3814344901392577
-0.5999999999999999       0                        1.4827201528310066       1.4688806206610432E-6    0.9187023744634039       -0.01774140114966306     -7.76006915114607E-9     -1.3799199262202497
-0.5900000000000001       0                        1.4812580620227724       -1.9674526096624833E-6   0.9185249714314374       -0.01773923386990996     -7.003650509978896E-9    -1.3783117529719635
-0.5800000000000001       0                        1.4796831396712238       1.1715495862358282E-6    0.9183475892354165       -0.017737231147397694    -3.0858821282323877E-9   -1.3766006752967581
-0.5700000000000001       0                        1.4779886116236116       -2.365973475618541E-6    0.9181702262534742       -0.017735392784295458    -2.000887337382622E-9    -1.374780530718805
-0.56                     0                        1.4761700088184118       3.3303312322247296E-6    0.9179928808174912       -0.017733721031736416    -5.965730433896435E-9    -1.3728472800033316
-0.55                     0                        1.474220389866176        -7.904589173813505E-7    0.9178155512993694       -0.017732210688820898    -6.56802833474664E-9     -1.3707946105506166
-0.54                     0                        1.4721258659163607       -7.027059791067133E-7    0.9176382360335048       -0.017730869192703214    -1.9230237192953189E-10  -1.3686098520114882
-0.53                     0                        1.4698866866339215       -9.76321651730251E-7     0.9174609333635415       -0.017729692753740752    3.163354429616583E-9     -1.3662933042115417
-0.52                     0                        1.4674897436967511       -4.405339467708793E-7    0.9172836416744244       -0.0177286731562051      1.533898336065698E-9     -1.3638330093742288
-0.51                     0                        1.4649238919332244       9.195330605067415E-7     0.9171063593386862       -0.017727822078026347    -4.558775294506645E-9    -1.3612188393171647
-0.5                      0                        1.4621840526000938       -1.51374131162061E-7     0.9169290847958761       -0.01772711510917835     -2.8943183767120503E-9   -1.3584462002629074
-0.49                     0                        1.4592598493955533       -1.025187507804511E-6    0.9167518165280805       -0.017726561508675007    1.7667997247083453E-9    -1.3555056792285416
-0.48                     0                        1.4561466302289465       -1.7293931581008552E-7   0.9165745531066722       -0.017726144707820548    -1.1576296438935515E-9   -1.3523930915677038
-0.47                     0                        1.4528318183384181       -1.2788656901026045E-6   0.9163972931431996       -0.017725865996017845    -9.705130761032235E-10   -1.349097011713657
-0.45999999999999996      0                        1.4493005263429553       4.3624844835336704E-7    0.9162200353951709       -0.017725702704487523    -2.550564168833168E-9    -1.3456038822486698
-0.44999999999999996      0                        1.4455513619926228       4.384785807415702E-7     0.9160427787210982       -0.017725651215492893    -2.9313202523362E-10     -1.341912537639283
-0.43999999999999995      0                        1.441568478692159        5.753560133654453E-7     0.9158655221008793       -0.017725688005103126    -1.0968245191863233E-9   -1.3380085553866676
-0.42999999999999994      0                        1.4373534013299754       -1.130015173123697E-6    0.915688264725076        -0.017725799031462132    -1.9647660514408266E-9   -1.333893440891993
-0.41999999999999993      0                        1.432886413084865        -1.1187095600037025E-6   0.9155110059416006       -0.01772596553317229     -4.3553278296762735E-11  -1.329549246976549
-0.4099999999999999       0                        1.428155655481317        -2.001489020367268E-6    0.9153337452954451       -0.017726168291203347    6.044698748559118E-10    -1.3249652332877886
-0.3999999999999999       0                        1.4231654962202982       -2.3370609710897317E-6   0.9151564825749156       -0.01772637494248522     -1.0888988063176253E-9   -1.3201455045854376
-0.3899999999999999       0                        1.4178979686861337       2.0290313974321484E-6    0.9149792178609422       -0.01772656323481173     1.3109200142521382E-9    -1.3150737376298691
-0.3799999999999999       0                        1.4123458777451667       -2.3073368193758444E-6   0.9148019514939281       -0.017726699647326562    -1.6333477632267936E-9   -1.30974346479301
-0.3699999999999999       0                        1.4065113040676307       8.77848489094122E-7      0.9146246841666168       -0.017726748269975317    -1.677884411359389E-9    -1.3041567055296082
-0.3599999999999999       0                        1.4003823522076522       -1.119357654325485E-6    0.9144474169148595       -0.017726676139117645    -1.875730897853441E-9    -1.2983027008085604
-0.34999999999999987      0                        1.3939468966465023       -1.8421986015763098E-8   0.9142701511634708       -0.017726443346249888    7.96639009516903E-9      -1.2921704832570984
-0.33999999999999986      0                        1.3872032904259792       1.2067711107074784E-6    0.9140928887587783       -0.017726001543301704    -1.6149637470505958E-9   -1.2857586645844674
-0.33000000000000007      0                        1.3801582413015832       -1.0131315269507978E-6   0.913915632006957        -0.017725302629462286    -3.983452701756874E-10   -1.2790734939982091
-0.32000000000000006      0                        1.372809652840149        -6.670290149963819E-7    0.9137383836982887       -0.017724302968793654    -4.509447910468066E-10   -1.2721131762803604
-0.31000000000000005      0                        1.3651534271969814       1.404236476292404E-6     0.9135611471545082       -0.017722940895779818    -6.372286115923338E-10   -1.2648740718877625
-0.30000000000000004      0                        1.3571854034540771       -3.039639901758095E-6    0.9133839262491465       -0.017721167263565117    -3.6228914669553903E-9   -1.2573524997184822
-0.29000000000000004      0                        1.3489163615207342       8.784212566665341E-7     0.9132067254224545       -0.01771891115195127     -1.39924034705493E-9     -1.249558404525073
-0.28                     0                        1.3403634169619032       -5.556489286245898E-8    0.9130295497984765       -0.017716117651393058    -1.252420178513346E-9    -1.2415075248064673
-0.27                     0                        1.3315258746187284       2.1542265077289703E-7    0.9128524050669564       -0.017712718135566227    -1.5427033515841424E-9   -1.2331993151901552
-0.26                     0                        1.3224055836901722       -1.9300822758052057E-6   0.9126752976593568       -0.01770864780211097     -8.920644841085279E-9    -1.2246355575229344
-0.25                     0                        1.313034140514528        -2.4287844519711283E-6   0.9124982346571269       -0.017703823481845612    -1.3042322471977834E-9   -1.2158451587458903
-0.24                     0                        1.3034322756941832       1.5374656023605682E-6    0.9123212238915531       -0.01769818721140416     -3.1801263242524636E-10  -1.2068471162324736
-0.22999999999999998      0                        1.2936144675742274       -2.771233690220439E-6    0.9121442738841803       -0.017691659751345436    -1.0547010156248702E-9   -1.1976546889629096
-0.21999999999999997      0                        1.2836103461574422       1.0698060453572492E-6    0.9119673939270566       -0.017684165572770184    -1.5648138783296651E-9   -1.1882949477757798
-0.20999999999999996      0                        1.2734606038325698       -1.325208293024481E-6    0.9117905940232353       -0.017675636008557448    -1.773654853937763E-9    -1.1788050364422442
-0.19999999999999996      0                        1.2632025657703683       -3.818706579359681E-6    0.9116138849089663       -0.017665997245525172    -1.638478657840587E-9    -1.1692189956544246
-0.18999999999999995      0                        1.2528960719143736       3.7289913033979828E-6    0.9114372779888389       -0.01765518617709678     -1.6717448063605176E-9   -1.159591371565642
-0.17999999999999994      0                        1.2426156046584653       7.463661024557426E-7     0.9112607853034218       -0.01764314350573035     -1.800677454395349E-9    -1.1499900152370897
-0.16999999999999993      0                        1.232456228016627        5.559128303952652E-6     0.9110844193593166       -0.01762983291623249     -1.3973365992706178E-9   -1.1405014998045346
-0.15999999999999992      0                        1.2225591066222363       4.1117532649027415E-6    0.9109081928891776       -0.017615251939492236    -1.1916127845352085E-9   -1.131254358452961
-0.1499999999999999       0                        1.2131568383035847       8.300480639009682E-6     0.9107321183400825       -0.017599470085484233    -1.86154347253092E-9     -1.122460367312465
-0.1399999999999999       0                        1.2045565072198845       1.3098135318096386E-5    0.910556206835312        -0.017582695804269792    1.0259947735668446E-9    -1.1143990999372
-0.1299999999999999       0                        1.1973192595559898       -3.0900615363994274E-6   0.9103804662129863       -0.017565402290605582    -5.79239684938473E-10    -1.107581468010975
-0.11999999999999988      0                        1.1922779224303484       5.534725851559823E-5     0.9102048970442919       -0.017548633466311556    -8.949094011307382E-10   -1.102765837100209
-0.10999999999999988      0                        1.1908520392137658       1.0837694857931103E-5    0.9100294848648501       -0.017534501343599743    -1.4470319992066297E-9   -1.1012449691395594
-0.09999999999999987      0                        1.195255701014373        -4.293252364777101E-6    0.9098541851252684       -0.01752711998743769     -1.2033111846041257E-8   -1.1050355218502013
-0.08999999999999986      0                        1.2089421248059604       -5.543823914054113E-6    0.9096788939328526       -0.017534630867813674    5.339734280245411E-8     -1.1172837657901324
-0.08000000000000007      0                        1.2373095055263565       -5.6137728308244064E-6   0.9095033930171912       -0.017572456746212942    1.9352460179662194E-8    -1.1429096502348572
-0.07000000000000006      0                        1.2884440256188268       1.131924015995346E-5     0.9093272492846368       -0.017669549137142127    1.895404785592472E-9     -1.189286810810334
-0.06000000000000005      0                        1.3725144424382818       4.188265605149279E-6     0.9091496393569091       -0.017876611706724537    -6.946870576622268E-8    -1.2656976220616376
-0.050000000000000044     0                        1.501301908832826        -1.1016075061324712E-5   0.9089690793039915       -0.018275955332793824    4.17209202115868E-8      -1.3829129691618927
-0.040000000000000036     0                        1.6817143523094642       1.2911676034731827E-5    0.9087831122494814       -0.018976602324074842    1.2890223604201806E-9    -1.5472902053304907
-0.030000000000000027     0                        1.9026344399912702       -2.79056644802063E-6     0.9085882678640097       -0.0200549730857138      1.043936807520065E-7     -1.748766303295792
-0.020000000000000018     0                        2.120829480553054        2.5849623246340227E-5    0.9083810595001678       -0.021407756831645246    7.71906178994682E-8      -1.947929087395619
-0.010000000000000009     0                        2.2742509140787264       1.8895157328581375E-6    0.9081604840505627       -0.022644903335196063    1.377727866820559E-8     -2.0880297143173667
0                         0                        2.32704610518858         -2.5768902646325334E-6   0.9079301583918846       -0.02329163713816973     -1.7631156863664675E-9   -2.136086976007255
0.010000000000000231      0                        2.2742504510038213       6.751168377569093E-6     0.9076974735727172       -0.023103072728819948    -8.291100342627028E-8    -2.087434461376601
0.020000000000000018      0                        2.120824591448572        -4.440906686176742E-6    0.9074705896233366       -0.02217940416606986     1.1819376713956389E-8    -1.9467653466555777
0.03000000000000025       0                        1.9026551267092469       2.4876642607085623E-5    0.9072549253272766       -0.020944198981605554    -3.651309450504861E-8    -1.7471374338877632
0.040000000000000036      0                        1.6817155527953016       -1.0244420863386093E-5   0.9070512386741753       -0.019838386674464317    2.134679219889161E-10    -1.545240561935068
0.04999999999999982       0                        1.5013444637065232       -2.4539208677490682E-5   0.9068571046857957       -0.01904143311496272     -1.459258724214096E-9    -1.380546326607909
0.06000000000000005       0                        1.372554753515787        -1.2019932630294029E-5   0.9066694614099223       -0.01852749862489556     1.306050169829601E-8     -1.2629809777506829
0.06999999999999984       0                        1.2884656821826694       3.229532838803321E-5     0.9064858974326049       -0.018211282345851544    2.5169119920110937E-9    -1.186187252570322
0.08000000000000007       0                        1.2373979650167708       1.8700303401431156E-6    0.9063048298422479       -0.018017869098598753    9.232494233043708E-9     -1.139477621230267
0.08999999999999986       0                        1.2089961071765063       2.5608292062016908E-5    0.9061253018831098       -0.017896774175403696    -7.673296996141124E-8    -1.1133987367662201
0.10000000000000009       0                        1.1952936680468864       -7.152137193094094E-6    0.9059467559855239       -0.01781755023644024     3.247781588093331E-9     -1.1006899712535545
0.10999999999999988       0                        1.1908347356907054       5.472123275464635E-6     0.9057688713762079       -0.01776233594380223     1.1585542896194212E-9    -1.0963833704859571
0.1200000000000001        0                        1.1923268140726686       6.605028669658845E-6     0.9055914634904049       -0.017720982382615498    1.3018521903423E-8       -1.0974819668975353
0.1299999999999999        0                        1.1973190592941085       1.7515864744315102E-5    0.9054144242168997       -0.01768791832152125     -2.732419511308336E-8    -1.1017578649962165
0.14000000000000012       0                        1.2045646850133742       -4.878650667468823E-6    0.9052376886433956       -0.017659874209720546    -1.987691493716974E-9    -1.1080772254926872
0.1499999999999999        0                        1.2131472225895472       -1.1451168781355866E-5   0.9050612158803628       -0.01763513167157799     8.25989127223495E-10     -1.1156076319903587
0.16000000000000014       0                        1.222561653079451        -4.362376279955849E-6    0.9048849784617456       -0.017612683486184957    2.7090315273100745E-9    -1.1238903586011402
0.16999999999999993       0                        1.2324516636436251       -3.1929691144936315E-6   0.9047089564644545       -0.017591975266681756    1.2215755637175746E-9    -1.1326020337745868
0.18000000000000016       0                        1.2426135072465914       4.447548010213999E-6     0.9045331341954322       -0.017572697204253012    -9.848168053415092E-10   -1.1415577875075906
0.18999999999999995       0                        1.2528951756483626       -4.708427385522289E-6    0.9043574984079529       -0.01755465714080822     1.497391820429113E-9     -1.1506198039575541
0.20000000000000018       0                        1.263204444719188        5.911750145497512E-6     0.9041820372680485       -0.01753775125397126     -2.458275620966056E-9    -1.1597045195662203
0.20999999999999996       0                        1.273459886181164        -5.714356593296113E-6    0.9040067398596019       -0.017521901176774792    -2.448530015308629E-9    -1.1687382212253885
0.2200000000000002        0                        1.2836103349533652       5.487166294894216E-7     0.9038315958936651       -0.01750705792036383     -2.1685578638802697E-9   -1.177674635466866
0.22999999999999998       0                        1.2936095879189498       2.71536496583285E-6      0.903656595541044        -0.017493169951623404    -2.546655629007551E-9    -1.1864720061297145
0.2400000000000002        0                        1.3034328414700818       -1.8398110189233134E-6   0.9034817294116132       -0.01748020498185129     3.491438117980496E-11    -1.1951079627651338
0.25                      0                        1.313034788561292        5.827326438452516E-8     0.9033069885216034       -0.01746811707290817     1.628568133146604E-10    -1.203541617752309
0.26000000000000023       0                        1.322409427472296        4.02120474913249E-6      0.9031323642664713       -0.017456872119011035    -4.647210956442514E-10   -1.2117676248803364
0.27                      0                        1.331524759102025        -2.2394560695214908E-6   0.902957848423917        -0.017446425108115015    -3.0636482231652544E-9   -1.2197571567100538
0.28000000000000025       0                        1.3403621604295117       -5.43263018193573E-6     0.9027834332224536       -0.017436735076360295    -5.804995792451672E-9    -1.22749348803038
0.29000000000000004       0                        1.3489179632867714       2.387460033119132E-7     0.9026091112830578       -0.017427765960121903    -3.1038816965650584E-9   -1.234973409996147
0.30000000000000027       0                        1.3571853245848007       1.955637968857059E-6     0.9024348756453444       -0.017419471499829493    1.1425662859280921E-9    -1.2421908411192004
0.31000000000000005       0                        1.3651501149258394       1.5857336707421752E-6    0.9022607197551632       -0.01741180804803405     1.9899488102682076E-10   -1.2491331333148656
0.31999999999999984       0                        1.3728115963220942       -2.6909563554283453E-6   0.9020866375196417       -0.017404734841479166    -6.1537206060592174E-9   -1.2557997317156488
0.33000000000000007       0                        1.3801623012912856       -2.1662223774673863E-6   0.9019126232292217       -0.017398210667978357    -3.627898037282205E-9    -1.2621840123076813
0.33999999999999986       0                        1.3872088325292182       1.5913686116773368E-7    0.9017386716132634       -0.017392193058397214    1.9886633167046224E-9    -1.2682920429534803
0.3500000000000001        0                        1.3939447722904859       2.9599326947491338E-6    0.9015647777964245       -0.01738664436074766     2.4327496356041384E-9    -1.2741181532513073
0.3599999999999999        0                        1.400374172529971        1.4471149867273839E-6    0.9013909373141976       -0.01738152170652638     3.053239295594685E-9     -1.2796661096739108
0.3700000000000001        0                        1.4065071549329047       -1.0729733562708443E-6   0.9012171460658324       -0.017376791265324036    -2.0257246715182173E-10  -1.2849451553551299
0.3799999999999999        0                        1.4123495171780829       -6.061911450655974E-7    0.9010434003298644       -0.01737241201492503     -4.1731220130433996E-10  -1.289960623427307
0.3900000000000001        0                        1.4178999029458355       2.104253574069758E-6     0.9008696967410338       -0.01736835558842347     4.980330148065782E-9     -1.2947114111643794
0.3999999999999999        0                        1.4231620250599661       3.438239001798305E-6     0.9006960322652414       -0.01736458286624234     3.4496820416890466E-9    -1.29920097210832
0.41000000000000014       0                        1.4281558959780598       7.532002358624891E-7     0.9005224042198438       -0.017361065765534537    -2.5585209494136066E-9   -1.303447446812442
0.41999999999999993       0                        1.4328831833014655       5.032442972488368E-7     0.9003488101905415       -0.017357774797660232    -2.3588051907786366E-10  -1.3074524440251702
0.43000000000000016       0                        1.437351900758702        -4.7234113339386856E-7   0.9001752480883736       -0.017354676696327398    -3.173207667426429E-9    -1.3112232805520874
0.43999999999999995       0                        1.4415699967651274       -9.452052543172829E-7    0.9000017160763527       -0.017351747939242938    6.921572857723441E-9     -1.3147672188720398
0.4500000000000002        0                        1.4455526951177222       2.5309545723565564E-6    0.8998282126133808       -0.01734896645094017     -6.705760947864028E-9    -1.3180980643371754
0.45999999999999996       0                        1.4493008964273564       3.543676510342852E-7     0.899654736333795        -0.017346310131120486    -1.2213534349519336E-8   -1.3212167259748064
0.4700000000000002        0                        1.4528329500320438       8.030403283858776E-7     0.899481286159887        -0.017343744372124284    1.029124859751257E-9     -1.3241397948424098
0.48                      0                        1.4561536491552582       5.109111103563512E-7     0.8993078611596447       -0.017341264968333145    -4.771852638162144E-9    -1.32687168870996
0.4900000000000002        0                        1.4592624108178744       -7.936231740937919E-7    0.899134460673549        -0.017338841517028053    -6.277025171509519E-9    -1.3294119622489404
0.5                       0                        1.4621833840709269       -8.040731369206412E-7    0.8989610841795208       -0.017336463585506882    -7.430403407376399E-10   -1.331782423799188
0.5100000000000002        0                        1.4649234184709148       1.617553031255496E-6     0.8987877312975973       -0.017334116261971868    5.666731172224818E-9     -1.333989312074166
0.52                      0                        1.4674861975136275       1.846201792467866E-6     0.8986144018275606       -0.01733178011805401     -2.0611657195283824E-10  -1.3360360116869638
0.5300000000000002        0                        1.4698850172844515       -4.6995284591950725E-7   0.8984410956886338       -0.01732944928844643     8.847970513586297E-9     -1.3379345547537955
0.54                      0                        1.4721283493206503       -5.258181934342286E-7    0.8982678129500504       -0.017327100952313206    -3.187830992569678E-9    -1.3396926136783416
0.5500000000000003        0                        1.4742181933039977       2.7265398353074094E-7    0.8980945537723183       -0.017324729956224298    -3.905342874465467E-9    -1.3413120604346114
0.56                      0                        1.476170253953436        -5.020715208244047E-7    0.8979213184489533       -0.017322330009977807    1.5009598578027061E-9    -1.3428070706949733
0.5699999999999998        0                        1.4779884196363244       1.1569656900883677E-6    0.8977481073163007       -0.01731988851178524     4.579338353188544E-9     -1.344181194875706
0.5800000000000001        0                        1.4796813609982797       9.033880965286005E-7     0.8975749208426818       -0.01731739895702121     8.490283189171913E-10    -1.3454422794274439
0.5899999999999999        0                        1.481256762863141        -2.3811323404582436E-8   0.8974017595215349       -0.017314855470947705    -9.435915920700424E-9    -1.3465972807675033
0.6000000000000001        0                        1.48272196411666         -1.8723506262251965E-7   0.897228623957897        -0.01731224854036548     -1.2665046685269884E-9   -1.3476528361169067
0.6099999999999999        0                        1.484081001195439        2.2715122937310086E-7    0.8970555147753051       -0.01730957770357011     -1.889141522386125E-9    -1.348612624199195
0.6200000000000001        0                        1.485343420848078        -7.37507960200927E-7     0.8968824326582645       -0.01730683413627816     -3.889096063167074E-9    -1.3494852547594507
0.6299999999999999        0                        1.486511610194704        3.0140368432168396E-7    0.8967093783574105       -0.01730401366718081     -4.272903158026931E-9    -1.350272915565947
0.6400000000000001        0                        1.4875953323935955       -4.8247140354938026E-8   0.8965363526478134       -0.017301117423999604    1.0972824388288223E-9    -1.3509844109440654
0.6499999999999999        0                        1.4885981753591246       2.8581955446633894E-7    0.8963633562997848       -0.017298139110113433    3.969631702144427E-9     -1.351622995756754
0.6600000000000001        0                        1.4895242955697723       1.0050635654765153E-6    0.8961903901641002       -0.01729507490346422     3.425574964368277E-9     -1.3521924345090448
0.6699999999999999        0                        1.4903817243968613       -1.8158634567753247E-8   0.8960174550736585       -0.01729192811529052     2.491869378488112E-9     -1.352699967897657
0.6800000000000002        0                        1.4911718412209796       6.884881091751189E-7     0.8958445518718072       -0.017288696226475407    1.1274654934528512E-9    -1.3531468660889414
0.69                      0                        1.4919020015394862       -1.6098423492658195E-7   0.8956716814268921       -0.017285379030017468    -7.737385826442318E-9    -1.3535397532730347
0.7000000000000002        0                        1.4925739108231386       5.21918871741315E-7      0.8954988446573429       -0.017281966350522444    -1.4413647094458797E-9   -1.3538801790583348
0.71                      0                        1.4931922540206035       -3.8526671621618464E-8   0.8953260423954132       -0.017278469478610007    -6.297617615006653E-9    -1.3541723808063637
0.7200000000000002        0                        1.4937603441274545       2.690458931551032E-7     0.895153275581878        -0.017274878580632456    -6.212364604492776E-9    -1.3544193435606366
0.73                      0                        1.4942831859558623       8.656616346800688E-7     0.8949805450845918       -0.01727120803095508     -1.746964424453243E-9    -1.3546255883084732
0.7400000000000002        0                        1.4947641688312097       -4.095534114252896E-7    0.8948078517650935       -0.01726745049982835     1.5271759789944308E-8    -1.3547941653071185
0.75                      0                        1.495205815243105        -4.136460286431275E-7    0.8946351964988722       -0.017263594810660164    2.434760404223999E-10    -1.3549273431369317
0.7600000000000002        0                        1.4956084604949076       3.795637298761348E-7     0.8944625801830844       -0.01725965436264897     1.786496662497962E-9     -1.3550254568805746
0.77                      0                        1.4959776945748342       -7.274809096322304E-8    0.894290003696612        -0.01725562986788552     1.2766351427292828E-9    -1.355093527879263
0.7800000000000002        0                        1.4963157895836328       6.707334122704883E-7     0.8941174678648495       -0.017251522149593416    4.340372843125149E-9     -1.355133607058304
0.79                      0                        1.4966245047379034       7.87447066746826E-8      0.8939449735368505       -0.017247329960247703    4.5639005298384853E-10   -1.355147283242775
0.8000000000000003        0                        1.4969066158005415       3.6296160307732517E-7    0.8937725215399924       -0.01724305662899547     2.183398913867274E-9     -1.355137057142942
0.81                      0                        1.497163321877257        7.990803024721703E-8     0.8936001126826603       -0.017238700018743083    4.6962979298555806E-9    -1.355104013152606
0.8199999999999998        0                        1.4973971155470511       -1.7123537080993278E-7   0.8934277478474592       -0.017234258965855804    4.4185786623840685E-10   -1.3550503915423393
0.8300000000000001        0                        1.4976102510784297       1.5840976540085013E-7    0.893255427752595        -0.01722974679588327     -2.1677931773436465E-9   -1.3549782322296173
0.8399999999999999        0                        1.497803568369832        -2.619012096633191E-7    0.8930831531876505       -0.0172251530667516      -4.001268972147208E-9    -1.3548882867621959
0.8500000000000001        0                        1.4979789418185494       2.1931794866700118E-7    0.8929109249395012       -0.017220483768107465    -2.0738356627264424E-9   -1.3547822462472034
0.8599999999999999        0                        1.4981380796896804       -3.2730703868717E-8      0.8927387437433589       -0.01721574107742292     1.4867080566095326E-9    -1.3546616482936764
0.8700000000000001        0                        1.4982818067591281       2.6255404533836117E-7    0.8925666103580419       -0.017210924428321686    5.827643832674472E-10    -1.3545272380484392
0.8799999999999999        0                        1.4984119379599912       6.684640176500986E-8     0.8923945254868044       -0.017206044561076207    1.41200202203676E-8      -1.3543806549206456
0.8900000000000001        0                        1.4985294429869132       -9.989331245547149E-8    0.8922224898309161       -0.017201081652198847    -7.582994378922599E-10   -1.3542227523589183
0.8999999999999999        0                        1.4986349522832239       7.03207453174595E-8      0.8920505040929124       -0.0171960539911923      -8.128079148459425E-11   -1.3540541186266999
0.9100000000000001        0                        1.4987299711629827       -2.8132338268445234E-8   0.8918785689776956       -0.017190960312372702    1.8816841739035483E-9    -1.3538761022771968
0.9199999999999999        0                        1.4988151473064781       1.1359701109091284E-7    0.8917066851219287       -0.017185800142201797    5.829280836203214E-9     -1.3536892867573969
0.9300000000000002        0                        1.498891521486394        7.635971187397771E-8     0.8915348531906957       -0.01718057681460026     4.63598449742797E-10     -1.353494609371751
0.94                      0                        1.4989597764872926       5.80253545167828E-9      0.8913630738009505       -0.017175284547785632    3.4828307520211078E-9    -1.3532926784214845
0.9500000000000002        0                        1.4990207640851148       2.1600392328074003E-8    0.8911913476202613       -0.017169940194881404    -4.652012483102009E-9    -1.3530842750506487
0.96                      0                        1.4990748440029547       3.9269011939178623E-8    0.891019675222392        -0.017164529397082583    -6.404421233849585E-9    -1.3528697100346532
0.9700000000000002        0                        1.499122897174184        4.352846054739237E-8     0.8908480572331866       -0.017159059934871466    -1.8406059530102286E-9   -1.3526497804362794
0.98                      0                        1.4991654774712484       6.199777151439559E-8     0.8906764942384011       -0.017153529728327843    -8.074840754236285E-10   -1.3524249814856582
0.9900000000000002        0                        1.4992029723694629       -1.6505855418246697E-8   0.8905049868229932       -0.017147943759027215    2.5515397304340892E-12   -1.352195666913888
1                         0                        1.4992359988027266       4.708931147973667E-8     0.8903335355463955       -0.017142301559694706    3.456232468608166E-9     -1.351962388992158
1.0100000000000002        0                        1.499264842174053        -2.9798459261837972E-8   0.8901621409674144       -0.017136601763952476    -1.7304040600660833E-9   -1.3517254035507802
1.02                      0                        1.4992899841469602       6.617045825915368E-8     0.8899908036323136       -0.017130855665709044    -4.824024714841686E-9    -1.351485153534541
1.0300000000000002        0                        1.4993118916561616       5.439314611460554E-8     0.8898195240641924       -0.01712504909239331     1.4683119864104321E-10   -1.351242042949663
1.04                      0                        1.4993306356084828       2.374056957584323E-8     0.889648302812202        -0.01711919270705615     -1.069718269906772E-9    -1.3509961480304828
1.0500000000000003        0                        1.4993467845806432       -1.4001929565878602E-9   0.8894771403880388       -0.017113284333290825    -3.6777885945182513E-9   -1.3507479747320823
1.06                      0                        1.499360442351852        3.294141721543305E-8     0.8893060373077103       -0.017107323362507334    -3.367976471192468E-9    -1.3504976168463685
1.0700000000000003        0                        1.4993719654431705       3.7674742056661503E-8    0.889134994101299        -0.017101310567022514    -1.2638076849401575E-9   -1.3502453942169892
1.08                      0                        1.499381579481164        9.464829449987316E-9     0.888964011225032        -0.017095252655953873    6.7076954854446265E-9    -1.3499915159084535
1.0899999999999999        0                        1.49938942645294         4.2662829748434684E-8    0.8887930892026595       -0.017089143715362486    5.248259576373487E-9     -1.3497361039702749
1.1                       0                        1.4993958342009495       3.424791627402773E-8     0.8886222284886113       -0.01708299233933776     -2.1064011738673647E-10  -1.3494794599135258
1.1099999999999999        0                        1.4994008171741962       9.21938742420457E-9      0.8884514295674137       -0.01707678152061988     1.4948391896431755E-8    -1.3492215810335828
1.12                      0                        1.4994046467492863       9.281699782373559E-9     0.8882806929432555       -0.017070535139770384    6.050648093940745E-9     -1.3489627337565637
1.13                      0                        1.4994074312094876       1.85721437854893E-8      0.8881100190280432       -0.01706423973140068     5.953728173832167E-9     -1.3487030019936481
1.1400000000000001        0                        1.4994092550693934       1.5066343771207452E-8    0.8879394083145971       -0.01705789293284845     -1.260391981185661E-9    -1.3484424597005964
1.15                      0                        1.4994103184363838       1.1685778939092984E-8    0.8877688612638294       -0.01705150838723672     4.125427899144909E-9     -1.348181299352741
1.1600000000000001        0                        1.4994106501706141       1.838627547968637E-8     0.8875983783256387       -0.01704507103150203     5.023430742741842E-9     -1.3479195325671307
1.17                      0                        1.4994103965622758       1.8510200206339803E-8    0.8874279599640603       -0.01703859314829182     1.9674324734296957E-9    -1.347657302518455
1.1800000000000002        0                        1.4994096184725794       1.580545796297155E-8     0.8872576066048962       -0.01703207030588544     -1.814510975335356E-10   -1.3473946597122268
1.19                      0                        1.4994084149485802       9.05643855616223E-9      0.8870873186857892       -0.01702550497123018     1.1549654084794164E-9    -1.3471316954028754
1.2000000000000002        0                        1.499406822504264        1.457995456444275E-8     0.8869170966878497       -0.01701888829197773     2.3985940235495865E-9    -1.3468684340614137
1.21                      0                        1.499404928770305        6.819362822193425E-9     0.8867469410345619       -0.017012229563195848    -6.572855004946401E-9    -1.3466049635224089
1.2200000000000002        0                        1.4994027763004134       9.509714262907298E-9     0.8865768521388334       -0.017005534390496384    2.9509513275517492E-9    -1.3463413278911445
1.23                      0                        1.4994004196049642       1.0340385716672786E-8    0.8864068304564238       -0.0169987933878065      -5.540573753882561E-9    -1.3460775669148746
1.2400000000000002        0                        1.4993978926179605       8.891636511786375E-9     0.8862368763955917       -0.016992010017633057    -1.0923465775981685E-9   -1.3458137148455072
1.25                      0                        1.4993952422485748       8.298111024426605E-9     0.886066990411005        -0.016985177670847795    5.829130798139627E-11    -1.3455498074066223
1.2600000000000002        0                        1.4993924989647616       1.1373055812672859E-8    0.8858971729706014       -0.016978304398655043    8.573629640778395E-10    -1.3452858804048629
1.27                      0                        1.4993896896226446       6.268955884756812E-9     0.8857274244637572       -0.01697139332514261     -6.013415847520316E-10   -1.34502196138212
1.2800000000000002        0                        1.499386841294419        8.573750394560476E-9     0.8855577453138015       -0.01696443214551525     2.9015991045763822E-9    -1.3447580626753837
1.29                      0                        1.4993839785992071       6.379563976601231E-9     0.8853881359677137       -0.016957429834172266    1.227472822692044E-9     -1.3444942157459787
1.3000000000000003        0                        1.4993811183843657       6.486301807306106E-9     0.8852185968636705       -0.01695038497429431     -3.3168800688105237E-9   -1.3442304347543836
1.31                      0                        1.4993782758113663       7.765013809355059E-9     0.8850491284188026       -0.01694329672597782     -2.728673904082261E-9    -1.3439667329029144
1.3200000000000003        0                        1.49937546962997         4.332051168519104E-9     0.8848797310839926       -0.01693616371426878     -3.7021126199344065E-9   -1.343703126074372
1.33                      0                        1.4993727081209494       6.963318769778244E-9     0.8847104052762673       -0.016928980759810187    1.4656285376581748E-8    -1.3434396170216696
1.3399999999999999        0                        1.4993699981742905       6.183757193856147E-9     0.8845411514485285       -0.01692177065068149     -1.3422972884722211E-9   -1.3431762352831464
1.35                      0                        1.499367357332059        5.376264603158869E-9     0.8843719700055144       -0.01691450978870959     -3.248055611410607E-9    -1.3429129733544245
1.3599999999999999        0                        1.4993647849286977       5.601266903854975E-9     0.8842028614020573       -0.016907203181525533    1.048201679665506E-9     -1.3426498363009605
1.37                      0                        1.4993622895687484       3.411053814213764E-9     0.884033826081533        -0.016899854577504488    6.077511980982244E-9     -1.3423868361073326
1.38                      0                        1.4993598745883736       4.063771456450838E-9     0.8838648644785094       -0.01689245740467084     4.190940084827541E-9     -1.3421239697622387
1.3900000000000001        0                        1.4993575434778295       4.9059343365445425E-9    0.8836959770459926       -0.016885019944971567    3.248439452627078E-9     -1.3418612492698914
1.4                       0                        1.4993552966813115       3.4554191596881806E-9    0.8835271642236284       -0.016877537594848068    -4.3586191378978977E-10  -1.3415986710353642
1.4100000000000001        0                        1.499353133541041        2.5356062128229862E-9    0.8833584264527423       -0.01687000873723619     2.9574567385243075E-9    -1.3413362334790386
1.42                      0                        1.4993510624260227       3.1694942985008742E-9    0.8831897641694584       -0.016862439268347174    8.24586114538151E-9      -1.341073950499613
1.4300000000000002        0                        1.4993490811678467       3.046905621276348E-9     0.8830211778418882       -0.016854817191691625    7.599737880986566E-9     -1.3408118088406764
1.44                      0                        1.4993471857564786       3.473204359000942E-9     0.8828526679497658       -0.0168471553665217      1.560348537361594E-9     -1.3405498184946019
1.4500000000000002        0                        1.4993453727444337       2.352775329157272E-9     0.8826842348986477       -0.016839441721653872    3.649545001848273E-9     -1.3402879649114021
1.46                      0                        1.4993436462196663       3.0542333793478197E-9    0.8825158791910183       -0.016831691171002625    -5.427339914062341E-9    -1.3400262673240186
1.4700000000000002        0                        1.4993420057468463       3.299984045454946E-9     0.8823476012478931       -0.01682388882075882     -9.610740018150732E-9    -1.3397647110416935
1.48                      0                        1.4993404461379538       2.2615283793053192E-9    0.8821794015787696       -0.01681603670131992     -4.021725634209836E-9    -1.3395032942381455
1.4900000000000002        0                        1.4993389650911297       1.9564563947096938E-9    0.8820112806185026       -0.016808143343128187    3.1426400814361557E-9    -1.3392420240243759
1.5                       0                        1.4993375636639814       1.1497795883332314E-9    0.8818432388840401       -0.016800196130517475    5.2513743676312675E-9    -1.3389808894524686
1.5100000000000002        0                        1.4993362349559125       1.2385879702344216E-9    0.8816752768388763       -0.0167922058339311      1.6281500468283708E-9    -1.3387198958632438
1.52                      0                        1.4993349778919651       9.566595699252628E-10    0.8815073949494878       -0.01678416699996113     1.1796939641682378E-10   -1.338459037518155
1.5300000000000002        0                        1.4993337906983104       1.6006079609020288E-9    0.8813395936790925       -0.016776079865027486    -8.114576520520982E-9    -1.33819831374841
1.54                      0                        1.4993326711788388       1.6766894141077659E-9    0.881171873563872        -0.016767938992174037    3.0632248529452663E-9    -1.3379377179503564
1.5500000000000003        0                        1.4993316161129988       1.9806286414462684E-9    0.8810042350553408       -0.016759753120248456    1.6605068879838758E-9    -1.3376772566681687
1.56                      0                        1.4993306212706776       1.1453242700701752E-9    0.8808366786576641       -0.01675151566485249     -5.345139163597232E-9    -1.3374169203146484
1.5700000000000003        0                        1.4993296865925092       8.327881866706914E-10    0.8806692048956983       -0.016743225485182908    1.9613735159792804E-9    -1.3371567084531246
1.58                      0                        1.4993288083250214       1.7355289557362777E-9    0.8805018142662607       -0.01673489078484541     -6.926726878502979E-9    -1.3368966266966975
1.5899999999999999        0                        1.4993279836833857       6.971411962660205E-10    0.8803345072690713       -0.01672649911470359     -4.738360442943465E-9    -1.336636660865347
1.6                       0                        1.4993272085160567       7.980858563644256E-10    0.8801672844303665       -0.01671806064971564     4.961929099474633E-9     -1.3363768182418552
1.6099999999999999        0                        1.4993264837405833       7.545453243752424E-11    0.8800001462580287       -0.016709564234660693    9.204805296096797E-9     -1.33611708921491
1.62                      0                        1.4993258039701993       7.240909724405697E-10    0.87983309330138         -0.016701019102149033    1.6882057649353502E-9    -1.335857479075828
1.63                      0                        1.499325167839166        6.282912202537944E-10    0.8796661260548979       -0.016692419604043544    -5.639191704056096E-9    -1.3355979816937322
1.6400000000000001        0                        1.4993245741925825       5.532168832802055E-10    0.8794992450682421       -0.01668376807759408     -1.729860792005274E-9    -1.3353385991922337
1.65                      0                        1.4993240181166327       3.1253694829120093E-10   0.8793324508787594       -0.016675060908401984    2.0131615480549425E-9    -1.33507932442029
1.6600000000000001        0                        1.499323500604052        2.7492058575485126E-10   0.8791657440201126       -0.016666301407565816    3.0672372913281857E-9    -1.334820162342967
1.67                      0                        1.4993230165244642       4.290160559855647E-10    0.8789991250480621       -0.016657484973422874    -3.5977873177028354E-9   -1.334561104662848
1.6800000000000002        0                        1.4993225662319591       7.86762133001353E-10     0.8788325945079659       -0.016648612783925112    -1.2653568413225577E-8   -1.3343021536698993
1.69                      0                        1.499322146873134        -1.2381616553412445E-10  0.8786661529896941       -0.01663968301694252     -3.2003918020514502E-9   -1.3340433059022083
1.7000000000000002        0                        1.4993217563865697       2.1474176269939222E-10   0.8784998010176024       -0.016630699301774316    4.582954533912218E-9     -1.333784563948738
1.71                      0                        1.4993213941094607       -6.223636650048416E-11   0.8783335391983973       -0.016621655796763612    3.9832026122133086E-9    -1.3335259222808014
1.7200000000000002        0                        1.499321056589325        -1.2342199009676113E-10  0.8781673680797459       -0.01661255917127634     -1.239005361978499E-9    -1.3332673853428676
1.73                      0                        1.4993207435636235       -1.3522340608846743E-11  0.8780012882504254       -0.016603397418157605    -3.595801933353899E-10   -1.333008941767605
1.7400000000000002        0                        1.4993204528778048       -3.710847119115244E-11   0.877835300290066        -0.016594183824576163    2.722529471865016E-9     -1.3327506038076016
1.75                      0                        1.4993201843454182       -1.27244744654319E-10    0.8776694047986727       -0.01658490305097763     4.0853243883481964E-9    -1.3324923568480571
1.7600000000000002        0                        1.4993199351010584       -2.0024367915094274E-10  0.8775036023990183       -0.016575567787502098    7.506040631086577E-10    -1.3322342119873432
1.77                      0                        1.4993197043672526       -7.291032044467484E-11   0.8773378936618801       -0.01656617487798019     6.358614293674539E-9     -1.3319761662332983
1.7800000000000002        0                        1.4993194907148086       -1.1873314962937675E-10  0.8771722791862758       -0.016556713312329267    1.6706656817532676E-9    -1.3317182082110441
1.79                      0                        1.4993192937981996       -2.585628535666489E-10   0.8770067596016622       -0.01654719233414551     4.902985116172233E-9     -1.3314603477963571
1.8000000000000003        0                        1.4993191120449787       -1.3112236911269816E-10  0.8768413355713505       -0.016537606532691245    1.973344694628254E-9     -1.3312025791858615
1.81                      0                        1.49931894409551         -3.4115032095825284E-10  0.8766760076777114       -0.01652795718664845     9.307917430088996E-9     -1.3309449033318617
1.8200000000000003        0                        1.4993187890531499       -4.977318978882308E-11   0.8765107765535717       -0.016518252014475585    -3.113768364950524E-9    -1.3306873281088127
1.83                      0                        1.4993186466049067       -2.8831798905482857E-10  0.8763456428526937       -0.016508479547135087    -5.600786999442999E-9    -1.3304298427471426
1.8399999999999999        0                        1.4993185157085864       -1.5233803438703246E-10  0.8761806072288547       -0.016498635731293544    -7.304713681520304E-9    -1.3301724432543078
1.85                      0                        1.4993183950554765       -1.3045689156912883E-10  0.876015670347915        -0.016488730318563       -4.336752518969422E-9    -1.3299151392280464
1.8599999999999999        0                        1.4993182841059765       -3.052351139836904E-10   0.875850832825245        -0.016478764077335926    3.422427758132434E-9     -1.3296579318816726
1.87                      0                        1.4993181822379542       -3.197436281729101E-10   0.8756860953791655       -0.016468719452367914    -2.540086047418616E-10   -1.32940080418731
1.88                      0                        1.4993180887417885       -2.45938868013878E-10    0.8755214586402683       -0.016458615919988977    -5.297478574638076E-9    -1.3291437759409388
1.8900000000000001        0                        1.4993180033853106       -2.658129958154664E-10   0.8753569233073729       -0.01644843887517042     -5.18287445560803E-9     -1.3288868333778894
1.9                       0                        1.4993179251212785       -2.143035838739E-10      0.8751924900803065       -0.016438196013942665    4.244255314891937E-10    -1.3286299843228728
1.9100000000000001        0                        1.4993178534131804       -3.908345299955262E-10   0.8750281596370596       -0.01642788323841233     -8.132242750237637E-10   -1.3283732252215343
1.92                      0                        1.4993177880652764       -2.0971233640152373E-10  0.8748639326827353       -0.016417499614308183    4.0244464661916094E-10   -1.3281165560222759
1.9300000000000002        0                        1.4993177284068726       -1.8191974927675562E-10  0.8746998099288932       -0.016407039217101075    3.941300740393377E-11    -1.3278599712776125
1.94                      0                        1.4993176740430079       -4.000446845328539E-10   0.8745357921043996       -0.01639651088985472     1.5620177731655383E-9    -1.3276034805751826
1.9500000000000002        0                        1.499317624461925        -1.8721406241280986E-10  0.8743718799422336       -0.016385914612370885    6.383515620604932E-9     -1.3273470845436681
1.96                      0                        1.4993175793344655       -3.2060119336805894E-10  0.8742080741330909       -0.016375237003895572    1.2707344515514518E-8    -1.3270907705477664
1.9700000000000002        0                        1.4993175383265596       -3.808644840656935E-10   0.8740443754387988       -0.016364490475839145    2.862356592237311E-9     -1.326834551846914
1.98                      0                        1.499317501093407        -1.9857036005482033E-10  0.873880784598026        -0.01635366315965162     3.1417747593914152E-9    -1.32657841737671
1.9900000000000002        0                        1.4993174673785825       -2.83739322519049E-10    0.8737173023414607       -0.01634276918283831     2.7593357370377752E-11   -1.3263223821342844
2                         0                        1.4993174368303694       -2.5179399485625424E-10  0.8735539294558047       -0.01633179372364094     6.805815767243053E-10    -1.3260664321684152
