% Model:              C1noStruct.mph
% Version:            COMSOL 5.6.0.280
% Date:               Apr 15 2021, 09:31
% Dimension:          2
% Nodes:              401
% Expressions:        6
% Description:        Velocity field, x component, Velocity field, y component, Concentration, Gradient of c, x component, Gradient of c, y component, 
% Length unit:        m
% x                       y                        u (m/s)                  v (m/s)                  c (mol/m^3)              cx (mol/m^4)             cy (mol/m^4)             -u*c+cx
-2                        0                        1.4995576771290111       1.0919356877716938E-11   0.9439418535666654       -0.018463902202621056    1.4465501496238948E-9    -1.433959155481903
-1.99                     0                        1.4995576771518946       1.0692437643995655E-11   0.9437572333677484       -0.018460137580757322    -3.820963258194073E-9    -1.4336785422449967
-1.98                     0                        1.4995576771727697       1.054187040629534E-11    0.9435726505636133       -0.018456458522715876    -4.483903068703653E-8    -1.4333980706456413
-1.97                     0                        1.4995576771918353       1.0256024921578344E-11   0.9433881053286983       -0.018452632374523693    -4.2345268369475215E-8   -1.4331175082916332
-1.96                     0                        1.4995576772092267       1.0092879631615228E-11   0.9432035975911511       -0.018448896073655754    2.609671546130237E-8     -1.4328370920128286
-1.95                     0                        1.4995576772249848       9.838670858831767E-12    0.9430191274305102       -0.01844513930332504     5.352001783347391E-9     -1.432556711611753
-1.94                     0                        1.499557677239362        9.620916866212398E-12    0.9428346946961081       -0.018441390623180513    -3.3794396251623795E-8   -1.4322763954223596
-1.93                     0                        1.4995576772524306       9.380731284268453E-12    0.9426502994283654       -0.018437658260390198    1.8662062523099615E-8    -1.4319961517324982
-1.92                     0                        1.4995576772642616       9.131866872931048E-12    0.9424659418291451       -0.018433861583658992    -1.4155442229302702E-10  -1.4317159002136466
-1.91                     0                        1.4995576772749384       8.944248036457585E-12    0.9422816218636823       -0.018430130398486975    -6.142726618016873E-9    -1.4314357706192522
-1.9                      0                        1.499557677284623        8.673375116070774E-12    0.9420973393160491       -0.018426391400607374    2.008115863306314E-8     -1.4311556893214052
-1.89                     0                        1.4995576772933543       8.437681300621278E-12    0.941913094287405        -0.018422615545644064    -4.937067449863206E-9    -1.4308756274274614
-1.88                     0                        1.499557677301255        8.21339012429141E-12     0.9417288869338564       -0.018418855164070286    -6.13494506650628E-9     -1.4305956375021003
-1.87                     0                        1.4995576773083774       7.970174758706493E-12    0.9415447171046483       -0.01841511857440244     -1.0197854878011675E-7   -1.430315727637822
-1.8599999999999999       0                        1.499557677314746        7.736164707417448E-12    0.9413605846711608       -0.018411353472469638    -5.742569819900731E-8    -1.430035845337607
-1.85                     0                        1.4995576773204806       7.503518285591619E-12    0.941176490037583        -0.01840757324315721     -2.646297909488809E-8    -1.4297560045925577
-1.84                     0                        1.499557677325604        7.28072410804464E-12     0.9409924329329058       -0.018403849611758043    1.7538133402279724E-8    -1.4294762767215954
-1.83                     0                        1.4995576773301829       7.052092312233667E-12    0.9408084134544071       -0.018400046087981375    5.255105352162786E-9     -1.4291965253803665
-1.82                     0                        1.4995576773342505       6.8336431051599964E-12   0.9406244317888863       -0.018396298489724912    -5.63168494698415E-9     -1.4289168866669166
-1.81                     0                        1.499557677337883        6.615439396133186E-12    0.9404404876194168       -0.018392535404169626    -6.5912885054518385E-9   -1.4286372886932484
-1.8                      0                        1.4995576773410966       6.387677161816107E-12    0.9402565809212668       -0.01838876575017882     -3.6679767230365456E-8   -1.4283577403411547
-1.79                     0                        1.4995576773439465       6.1761247080458925E-12   0.9400727119503606       -0.018385019028502207    4.431185188144099E-8     -1.4280782714952098
-1.78                     0                        1.4995576773464487       5.969759001585454E-12    0.939888880713446        -0.018381239620469822    5.936493387146304E-9     -1.4277988265468784
-1.77                     0                        1.499557677348652        5.762825233172346E-12    0.9397050871068564       -0.018377469178757364    -8.15127210442053E-9     -1.4275194469934276
-1.76                     0                        1.4995576773505714       5.558999898849518E-12    0.9395213312383215       -0.01837370722128825     3.5977747595234573E-9    -1.4272401325143425
-1.75                     0                        1.4995576773522503       5.3641028856745685E-12   0.9393376129106771       -0.01836997300049565     5.773778263455572E-8     -1.4269609020664378
-1.74                     0                        1.4995576773537005       5.1684824403861244E-12   0.9391539322870739       -0.018366179663353552    -1.9696102228995204E-8   -1.4266816690413526
-1.73                     0                        1.499557677354948        4.980992166619113E-12    0.9389702895355726       -0.01836239749075968     -5.439137868834746E-9    -1.4264025039720258
-1.72                     0                        1.4995576773560153       4.7972873305144805E-12   0.9387866844197444       -0.01835862567485879     5.144907355916547E-9     -1.4261234056960852
-1.71                     0                        1.4995576773569206       4.616701493636977E-12    0.9386031168926314       -0.018354844978687675    5.647818273939525E-8     -1.4258443549061683
-1.7                      0                        1.4995576773576853       4.43859549210734E-12     0.9384195871770219       -0.018351082958571546    -3.4208373177194615E-8   -1.4255653794927043
-1.69                     0                        1.4995576773583157       4.271036190629402E-12    0.9382360953925457       -0.01834727393665797     -3.1833526282289713E-9   -1.425286413957239
-1.68                     0                        1.499557677358829        4.1009763634657E-12      0.9380526411121669       -0.018343527634385494    5.476294249762561E-10    -1.4250075673808618
-1.67                     0                        1.4995576773592454       3.9383461824065856E-12   0.9378692247483421       -0.018339745130585398    4.071584482188749E-9     -1.4247287414609253
-1.66                     0                        1.4995576773595711       3.785070775203359E-12    0.9376858461328788       -0.018336012374283655    5.0793012840847735E-8    -1.4244500218942475
-1.65                     0                        1.4995576773598163       3.6287192975336607E-12   0.937502505107554        -0.018332192690667725    1.947159548779944E-8     -1.4241712717687605
-1.6400000000000001       0                        1.4995576773599897       3.480864770345964E-12    0.9373192022358371       -0.01832840475043042     -7.90436457023927E-9     -1.4238926106001206
-1.63                     0                        1.4995576773601031       3.3360805831010066E-12   0.9371359371051206       -0.018324621392872536    -5.671463815437497E-9    -1.4236140106089108
-1.62                     0                        1.4995576773601624       3.195463025125231E-12    0.9369527097993042       -0.018320845669512708    -8.199942365074307E-8    -1.4233354749724676
-1.6099999999999999       0                        1.499557677360177        3.0596881184674417E-12   0.9367695200642404       -0.01831706572847095     -2.072228517717517E-8    -1.4230569914578113
-1.6                      0                        1.4995576773601509       2.928217625959742E-12    0.9365863684889796       -0.01831324932366608     7.543833322933911E-10    -1.4227785287021788
-1.5899999999999999       0                        1.49955767736009         2.8011260706097752E-12   0.9364032547115309       -0.01830948716855709     1.48158269330534E-8      -1.422500176876209
-1.58                     0                        1.4995576773600006       2.6775554212502545E-12   0.9362201787363119       -0.018305692040281065    -1.47783382489872E-10    -1.4222218487636695
-1.57                     0                        1.4995576773598862       2.5596432415178033E-12   0.9360371407499558       -0.018301905139311413    -4.284717531803051E-9    -1.421943585844904
-1.56                     0                        1.4995576773597517       2.4432070427800053E-12   0.9358541405643113       -0.01829813120016307     8.615444419554572E-9     -1.4216653925722882
-1.55                     0                        1.4995576773596002       2.3333023596214413E-12   0.9356711783557122       -0.018294310519661194    6.397100598246014E-9     -1.4213872095070732
-1.54                     0                        1.499557677359435        2.2248689965726537E-12   0.9354882541342213       -0.018290541330844037    4.870768208717771E-10    -1.4211091348973899
-1.53                     0                        1.499557677359259        2.122437633644206E-12    0.9353053678169494       -0.01828672725090114     -8.439819399612577E-9    -1.420831072236133
-1.52                     0                        1.4995576773590753       2.0225831410968384E-12   0.9351225195466771       -0.018282926803580266    -1.9767324698260163E-9   -1.420553080261162
-1.51                     0                        1.4995576773588855       1.926294570442887E-12    0.9349397090238317       -0.01827913945602358     1.8459497446859232E-8    -1.420275157990393
-1.5                      0                        1.4995576773586916       1.83400189011599E-12     0.9347569367061601       -0.01827532407827074     9.263654987429595E-9     -1.4199972649802857
-1.49                     0                        1.4995576773584958       1.7443800297139144E-12   0.934574202430967        -0.018271569365765086    2.4977611549014588E-8    -1.4197194896823147
-1.48                     0                        1.4995576773582988       1.6588440506773187E-12   0.934391506081087        -0.018267722459844395    1.633812469990117E-8     -1.419441679062122
-1.47                     0                        1.4995576773581023       1.5765209094446583E-12   0.934208847731139        -0.01826392500843933     -3.292283609971008E-8    -1.4191639748795353
-1.46                     0                        1.4995576773579073       1.4973138213456265E-12   0.9340262275449014       -0.01826011792491309     1.4977761713005503E-9    -1.4188863182935136
-1.45                     0                        1.499557677357715        1.4210828286679485E-12   0.9338436453190117       -0.018256301848704578    1.1541567696997643E-8    -1.4186087096385436
-1.44                     0                        1.499557677357526        1.3481355310460382E-12   0.9336611013686297       -0.018252496933547354    -4.785251692396356E-9    -1.4183311695409595
-1.43                     0                        1.499557677357341        1.278158654244155E-12    0.9334785954568814       -0.018248685416132917    -3.3465996414944726E-9   -1.418053679882247
-1.42                     0                        1.4995576773571604       1.2109285561877954E-12   0.9332961274976487       -0.01824489572005455     1.9042984711854207E-8    -1.4177762689568607
-1.4100000000000001       0                        1.4995576773569848       1.146441410247652E-12    0.9331136977818697       -0.018241047435731222    -1.2237761562728993E-9   -1.4174988567914992
-1.4                      0                        1.4995576773568147       1.0847458476086397E-12   0.9329313062962692       -0.018237240269089867    1.7394649338435246E-9    -1.4172215430721822
-1.3900000000000001       0                        1.4995576773566501       1.0254164491946872E-12   0.9327489528078141       -0.01823346863128012     4.7855889893088117E-8    -1.4169443218606135
-1.38                     0                        1.4995576773564911       9.690022124295197E-13    0.9325666376797729       -0.01822958780323673     2.2653756310563463E-8    -1.4166670489824695
-1.37                     0                        1.4995576773563382       9.149893457291889E-13    0.9323843606715398       -0.01822577336490038     -1.63547572439109E-8     -1.4163898996568889
-1.3599999999999999       0                        1.4995576773561907       8.632612808732543E-13    0.9322021220644079       -0.01822195666463961     5.201178838252332E-9     -1.4161128056540553
-1.35                     0                        1.4995576773560497       8.137406532234852E-13    0.9320199215497101       -0.018218179998178985    7.645711925691582E-8     -1.41583580880683
-1.3399999999999999       0                        1.499557677355915        7.664530812506867E-13    0.9318377592251533       -0.018214288697506954    3.4975761446883474E-8    -1.4155587545937183
-1.33                     0                        1.499557677355786        7.214033071087037E-13    0.9316556353594871       -0.018210484022973792    -4.215648597172375E-8    -1.4152818446780753
-1.3199999999999998       0                        1.4995576773556631       6.783816411502334E-13    0.9314735497755001       -0.01820664610936006     -3.3607682027400164E-9   -1.4150049589289435
-1.31                     0                        1.4995576773555457       6.373878081255771E-13    0.9312915024301468       -0.018202810267005123    8.008029712006332E-9     -1.4147281325921126
-1.2999999999999998       0                        1.4995576773554342       5.982836983596867E-13    0.9311094935361525       -0.018198977777863702    -5.207442214934374E-9    -1.4144513672685313
-1.29                     0                        1.499557677355328        5.610874199659015E-13    0.9309275229222235       -0.018195149063085142    2.348253959866256E-9     -1.4141746631224836
-1.28                     0                        1.4995576773552282       5.255133672200948E-13    0.9307455906603141       -0.01819129933613652     -1.5308516980281685E-8   -1.4138979954753372
-1.27                     0                        1.4995576773551325       4.91897196122295E-13     0.9305636969322282       -0.018187457278533742    5.161280010494206E-9     -1.4136213932812312
-1.26                     0                        1.4995576773550423       4.597686225816284E-13    0.9303818415847745       -0.018183612212195832    6.43269340619915E-9      -1.4133448456323674
-1.25                     0                        1.499557677354957        4.2923108474524006E-13   0.9302000245466939       -0.01817980355312891     -7.386345158235439E-9    -1.4130683918378932
-1.24                     0                        1.4995576773548764       4.0025505576465675E-13   0.9300182459966123       -0.018175906463180045    -6.927794099564484E-9    -1.4127919073275161
-1.23                     0                        1.499557677354801        3.7284596175625907E-13   0.9298365062267454       -0.018172070497419698    -5.483804828219958E-9    -1.412515542094501
-1.22                     0                        1.4995576773547297       3.4673474339319015E-13   0.9296548048219245       -0.01816821046672127     5.15760879271891E-9      -1.412239210327151
-1.21                     0                        1.499557677354662        3.218397839042388E-13    0.9294731417115609       -0.0181643516966944      4.280252011899689E-8     -1.4119629372452234
-1.2                      0                        1.4995576773545987       2.9843845139489647E-13   0.9292915174459662       -0.018160527604455745    -8.879894507708135E-8    -1.4116867570910592
-1.19                     0                        1.4995576773545392       2.762168956671382E-13    0.9291099316203135       -0.018156664819514067    -8.306333183425028E-9    -1.4114105958871062
-1.18                     0                        1.4995576773544836       2.5511596728698025E-13   0.928928384438487        -0.01815277154580168     2.842818593481918E-9     -1.4111344621430322
-1.17                     0                        1.4995576773544306       2.3520837933227736E-13   0.9287468759970238       -0.01814891549134805     3.315303545615466E-9     -1.4108584237116284
-1.1600000000000001       0                        1.4995576773543817       2.1639645503157241E-13   0.9285654061370453       -0.018145031505565776    7.020865617661213E-8     -1.4105824152040616
-1.15                     0                        1.4995576773543358       1.9857891602811583E-13   0.9283839747855743       -0.01814118002652249     1.372380313987298E-10    -1.4103064969489647
-1.1400000000000001       0                        1.4995576773542927       1.8192755752721437E-13   0.9282025824051277       -0.018137313856585832    9.23752710278121E-9      -1.4100306224422756
-1.13                     0                        1.499557677354252        1.6610180051932912E-13   0.9280212285812102       -0.018133451208043674    -6.455451205789088E-9    -1.4097548092747227
-1.12                     0                        1.4995576773542147       1.51272301331943E-13     0.9278399135084575       -0.018129567725273514    1.558755260827397E-8     -1.4094790333825515
-1.1099999999999999       0                        1.4995576773541797       1.3719951615321246E-13   0.9276586372920685       -0.01812568740682004     -8.819741484959826E-9    -1.4092033189220579
-1.1                      0                        1.4995576773541472       1.2397120742116147E-13   0.9274773998712328       -0.018121796760359205    1.2393795513247264E-8    -1.4089276523097287
-1.0899999999999999       0                        1.499557677354117        1.115395000303961E-13    0.9272962012360101       -0.018117923484518822    3.8494377527895065E-8    -1.408652061229286
-1.08                     0                        1.4995576773540882       9.985583849302304E-14    0.9271150413567143       -0.01811402535613123     1.7216708963926717E-8    -1.408376503413045
-1.0699999999999998       0                        1.499557677354062        8.89350122372874E-14     0.9269339205709659       -0.018110131793529168    1.3924663753012097E-8    -1.4081010087856214
-1.06                     0                        1.4995576773540373       7.882910551195044E-14    0.9267528386825626       -0.01810625004295172     -5.01474999184393E-8     -1.4078255842990361
-1.0499999999999998       0                        1.4995576773540147       6.930028465204742E-14    0.9265717955913391       -0.01810235977791763     -8.086190814924733E-10   -1.407550209476605
-1.04                     0                        1.4995576773539936       6.034232510214464E-14    0.9263907916159838       -0.01809843529305234     -1.926185020747696E-9    -1.4072748590908446
-1.03                     0                        1.4995576773539738       5.208450366200047E-14    0.9262098265444376       -0.01809455463494497     1.8237420983218267E-8    -1.4069996108703489
-1.02                     0                        1.4995576773539556       4.426111378967231E-14    0.9260289004832823       -0.018090643736897696    4.4852692866629955E-9    -1.4067243909082459
-1.01                     0                        1.4995576773539392       3.6963072362313966E-14   0.9258480135622602       -0.018086742756485568    -7.040384283670536E-9    -1.4064492395566668
-1                        0                        1.4995576773539232       3.029874294671581E-14    0.925667165649608        -0.018082859387736776    1.724839675536884E-8     -1.4061741643120522
-0.99                     0                        1.4995576773539094       2.3925141418013503E-14   0.9254863567515349       -0.01807891741958446     -4.088953168688985E-9    -1.405899088972648
-0.98                     0                        1.4995576773538954       1.8193779447356977E-14   0.9253055872467006       -0.018075003566761488    -8.253186150415997E-10   -1.405624100821006
-0.97                     0                        1.4995576773538832       1.2780995121085808E-14   0.9251248568099497       -0.018071083783429552    -9.461719736429167E-9    -1.4053491653237016
-0.96                     0                        1.4995576773538721       7.822253724254986E-15    0.9249441654177487       -0.01806718074109026     -2.327898578911186E-8    -1.4050743051169454
-0.95                     0                        1.4995576773538621       3.3229430393705396E-15   0.9247635134507912       -0.018063264757225916    6.843174973173003E-8     -1.4047994910890913
-0.94                     0                        1.4995576773538521       -8.919805051680913E-16   0.9245829006463295       -0.01805929613510669     9.174711228312865E-9     -1.404524683149404
-0.9299999999999999       0                        1.4995576773538435       -4.7958412508440425E-15  0.9244023272999248       -0.018055369322200452    8.293203392501858E-9     -1.4042499761885632
-0.9199999999999999       0                        1.4995576773538353       -8.347446822089959E-15   0.9242217931307307       -0.01805143053395582     -2.5741708933840172E-8   -1.4039753160008712
-0.9099999999999999       0                        1.499557677353828        -1.1584719478160527E-14  0.9240412983740398       -0.01804750178110902     7.473872288882855E-9     -1.4037007249498996
-0.8999999999999999       0                        1.4995576773538213       -1.4559041050212034E-14  0.9238608430988859       -0.01804356068319874     5.379343999214463E-10    -1.4034261807587074
-0.8899999999999999       0                        1.4995576773538144       -1.728485884113933E-14   0.9236804271041654       -0.018039641234216076    1.5415728686172867E-8    -1.4031517171197176
-0.8799999999999999       0                        1.4995576773538088       -1.968120721041915E-14   0.9235000506592965       -0.018035662288139874    4.975505816848533E-9     -1.4028772532909195
-0.8699999999999999       0                        1.4995576773538033       -2.191363853982348E-14   0.9233197138130526       -0.01803170696063681     4.138882233612109E-9     -1.4026028724611164
-0.8599999999999999       0                        1.4995576773537984       -2.3869570834366784E-14  0.9231394163383626       -0.018027777018941205    -3.168655751768324E-8    -1.4023285760570374
-0.8499999999999999       0                        1.4995576773537944       -2.5600633153310446E-14  0.9229591584829189       -0.018023794069816065    -1.0392661259176063E-8   -1.4020542860568745
-0.8400000000000001       0                        1.4995576773537902       -2.723110132031856E-14   0.9227789402044124       -0.018019847668459214    4.2899998648397275E-9    -1.40178009195238
-0.8300000000000001       0                        1.4995576773537866       -2.86375149238626E-14    0.9225987616513125       -0.018015862951525467    -1.1678660629757825E-9   -1.4015059191028474
-0.8200000000000001       0                        1.499557677353783        -2.9907151082127454E-14  0.92241862277177         -0.01801192259444225     -7.463155966277938E-9    -1.401231850105953
-0.81                     0                        1.4995576773537806       -3.0948312077917645E-14  0.9222385234889074       -0.01800793047651183     1.944092461460132E-8     -1.4009577887257179
-0.8                      0                        1.4995576773537775       -3.1913543359654775E-14  0.922058464212034        -0.018003924898186464    3.5768849448759173E-9    -1.4006837738763753
-0.79                     0                        1.499557677353775        -3.273204700086718E-14   0.9218784446522323       -0.017999968377968363    1.9891534879689895E-9    -1.4004098676431807
-0.78                     0                        1.4995576773537729       -3.3386361803640507E-14  0.9216984648860677       -0.017995984854953642    1.3483893736252578E-8    -1.400135994080043
-0.77                     0                        1.4995576773537709       -3.392868935328105E-14   0.9215185248344351       -0.01799198888051737     1.7160856367156947E-8    -1.399862167619716
-0.76                     0                        1.4995576773537687       -3.4343150230122246E-14  0.9213386248004053       -0.017988012256480668    -4.484842266176247E-8    -1.3995884205184916
-0.75                     0                        1.4995576773537673       -3.463917297442474E-14   0.9211587647874924       -0.017984001343236963    -1.301482024026401E-9    -1.3993146991420342
-0.74                     0                        1.4995576773537656       -3.493351613050184E-14   0.9209789447636311       -0.01798001837737976     4.5755758275055254E-8    -1.3990410656788523
-0.73                     0                        1.4995576773537644       -3.503286210592222E-14   0.9207991647290192       -0.017975988545070286    3.7092050235021706E-9    -1.3987674453154046
-0.72                     0                        1.4995576773537633       -3.5073047554655975E-14  0.9206194248187886       -0.017971986919891655    -7.680569407882703E-9    -1.3984939133279117
-0.71                     0                        1.499557677353762        -3.5026475005840544E-14  0.9204397249521229       -0.017967980246002508    -2.6408214591871478E-8   -1.3982204363393433
-0.7                      0                        1.4995576773537609       -3.486261364531489E-14   0.9202600651949481       -0.017963964619718636    1.064407111654953E-8     -1.3979470105448757
-0.69                     0                        1.49955767735376         -3.461497309260025E-14   0.9200804458066282       -0.017959913044252075    -2.3284399618261303E-9   -1.3976736093366515
-0.6799999999999999       0                        1.499557677353759        -3.4360758340196493E-14  0.9199008666719393       -0.017955901625560877    2.904966364652783E-9     -1.3974003086478441
-0.6699999999999999       0                        1.4995576773537587       -3.407168992212123E-14   0.9197213276865169       -0.017951921828714888    6.324115033184115E-8     -1.3971270997870235
-0.6599999999999999       0                        1.4995576773537582       -3.3661541513204536E-14  0.919541829092723        -0.0179478261694286      3.942311168068348E-8     -1.3968538356333386
-0.6499999999999999       0                        1.4995576773537576       -3.3228876640576936E-14  0.9193623708183662       -0.01794379127788187     -3.441064026435086E-8    -1.3965806927087152
-0.6399999999999999       0                        1.4995576773537571       -3.273345265229392E-14   0.9191829531243653       -0.01793976567757545     -5.1363652739353316E-9   -1.396307619927916
-0.6299999999999999       0                        1.4995576773537567       -3.222990168564586E-14   0.9190035757840165       -0.017935702333169327    1.1911888346494286E-9    -1.3960345699156462
-0.6199999999999999       0                        1.4995576773537564       -3.177323507805396E-14   0.9188242390665693       -0.017931641156276396    2.08124895299982E-9      -1.3957615829872738
-0.6099999999999999       0                        1.4995576773537562       -3.120465695974552E-14   0.9186449427773984       -0.017927582321211714    -5.860836910906386E-8    -1.3954886590252615
-0.5999999999999999       0                        1.4995576773537558       -3.058379912655467E-14   0.9184656871837881       -0.017923526429614183    2.5695231016739277E-8    -1.3952157990320566
-0.5900000000000001       0                        1.4995576773537551       -2.998731806707294E-14   0.9182864722082886       -0.01791947015387865     -3.125344644483245E-8    -1.3949429995639135
-0.5800000000000001       0                        1.4995576773537553       -2.950274113188237E-14   0.9181072980153371       -0.017915381912041898    -4.063674909808927E-9    -1.394670229285453
-0.5700000000000001       0                        1.499557677353755        -2.894885598997855E-14   0.9179281645852171       -0.01791130411195238     1.3561471057513743E-8    -1.3943975305749556
-0.56                     0                        1.4995576773537551       -2.8247630424740518E-14  0.917749071850721        -0.017907224806213217    2.0455179546851344E-8    -1.394124891384245
-0.55                     0                        1.4995576773537553       -2.766818660037868E-14   0.9175700200886361       -0.017903128923342927    -5.388687953464865E-9    -1.3938522970568967
-0.54                     0                        1.4995576773537547       -2.702723862233471E-14   0.9173910091587637       -0.017899029589250926    -1.98961824870426E-8     -1.3935797605085838
-0.53                     0                        1.4995576773537547       -2.6372167884957612E-14  0.9172120393248473       -0.017894942833092224    1.0948384102006E-8       -1.393307298163961
-0.52                     0                        1.4995576773537547       -2.5685476101752435E-14  0.9170331104167079       -0.017890831451332894    6.739436583061721E-9     -1.3930348725643005
-0.51                     0                        1.4995576773537547       -2.503848419084293E-14   0.91685422271982         -0.01788670792623124     -1.5539642658228844E-8   -1.3927624966199466
-0.5                      0                        1.4995576773537547       -2.4363536743892947E-14  0.91667537574589         -0.01788259441778601     -1.8304124789966312E-8   -1.3924901917586732
-0.49                     0                        1.4995576773537547       -2.370813226870077E-14   0.9164965704210455       -0.017878470551099902    -1.9398971474872327E-8   -1.3922179389943647
-0.48                     0                        1.4995576773537544       -2.2970167305226362E-14  0.9163178061469598       -0.01787434374393547     5.27408183135023E-9      -1.3919457448475583
-0.47                     0                        1.4995576773537544       -2.230689304144214E-14   0.9161390831663738       -0.017870247272498033    -2.1761208733875988E-8   -1.3916736429584637
-0.45999999999999996      0                        1.499557677353755        -2.1542394487444903E-14  0.9159604015006995       -0.01786609284735053     1.3538503508491952E-8    -1.3914015450697523
-0.44999999999999996      0                        1.4995576773537544       -2.094958769940772E-14   0.9157817613240042       -0.01786195021905431     2.2361485275102333E-9    -1.3911295211930084
-0.43999999999999995      0                        1.499557677353755        -2.0315273417539954E-14  0.9156031625745525       -0.017857799671239565    3.7154639129908172E-9    -1.3908575515192878
-0.42999999999999994      0                        1.4995576773537547       -1.9644452919905638E-14  0.9154246052013646       -0.01785367034671356     3.490889736471482E-8     -1.3905856651149497
-0.41999999999999993      0                        1.499557677353755        -1.8995512584788917E-14  0.9152460894607317       -0.017849477779812162    1.2345048327560468E-8    -1.390313777898654
-0.4099999999999999       0                        1.499557677353755        -1.837909676966687E-14   0.9150676155082179       -0.017845322693160963    -5.4596437194573885E-9   -1.390041990826303
-0.3999999999999999       0                        1.4995576773537547       -1.7763071141474243E-14  0.9148891830956065       -0.0178411503504448      -1.7865498212792353E-8   -1.3897702487893664
-0.3899999999999999       0                        1.499557677353755        -1.7182618281562867E-14  0.9147107925717719       -0.017836965330801636    8.606083585881472E-9     -1.3894985568901403
-0.3799999999999999       0                        1.4995576773537551       -1.664161087393312E-14   0.9145324438621822       -0.01783277658711445     -4.286891209156127E-9    -1.389226923969742
-0.3699999999999999       0                        1.4995576773537551       -1.6082744987139167E-14  0.9143541367701775       -0.01782858242571174     -3.585206808398913E-8    -1.3889553480395969
-0.3599999999999999       0                        1.499557677353755        -1.5546324697746656E-14  0.9141758719483758       -0.017824417616121153    7.957973412931483E-8     -1.3886838648478712
-0.34999999999999987      0                        1.499557677353755        -1.4974920331605352E-14  0.9139976489631935       -0.017820179420405976    2.2737254860471517E-8    -1.388412371006445
-0.33999999999999986      0                        1.499557677353755        -1.439274993553905E-14   0.913819468066563        -0.017815992776107025    -2.2211003384624162E-8   -1.388140991830646
-0.33000000000000007      0                        1.499557677353755        -1.3874488245900025E-14  0.9136413293882004       -0.017811742896397944    -5.575925883499458E-9    -1.3878696127281647
-0.32000000000000006      0                        1.499557677353755        -1.3335797904626056E-14  0.9134632329801562       -0.01780753610009692     1.9348985459247905E-10   -1.3875983400958718
-0.31000000000000005      0                        1.4995576773537551       -1.2866867221363745E-14  0.9132851787664596       -0.017803306639234892    -1.1348169969378781E-8   -1.387327108071876
-0.30000000000000004      0                        1.4995576773537551       -1.2422787909902582E-14  0.9131071666810872       -0.017799064422878985    -1.8999124138938894E-8   -1.387055926466238
-0.29000000000000004      0                        1.499557677353755        -1.1935033875873781E-14  0.9129291972756749       -0.017794816659545208    -1.1422724852649631E-8   -1.3867848033146841
-0.28                     0                        1.4995576773537551       -1.1412947915484426E-14  0.9127512702289006       -0.01779061952051671     3.296904284205323E-8     -1.3865137943066566
-0.27                     0                        1.499557677353755        -1.0980637819495138E-14  0.9125733855622382       -0.01778631885710951     1.733198093308209E-8     -1.386242745325672
-0.26                     0                        1.4995576773537553       -1.0570760640906925E-14  0.9123955438135692       -0.017782030876699603    3.2065170165497417E-9    -1.385971773385692
-0.25                     0                        1.4995576773537553       -1.0129073324915736E-14  0.9122177446837535       -0.01777778396145013     -1.4848226718896653E-8   -1.3857009064203005
-0.24                     0                        1.4995576773537553       -9.697762902783957E-15   0.9120399881903223       -0.017773500936495847    -2.6301909662348647E-8   -1.385430067280922
-0.22999999999999998      0                        1.4995576773537553       -9.275104121335017E-15   0.911862274689926        -0.01776921075128613     2.8123797734357784E-9    -1.3851592854518235
-0.21999999999999997      0                        1.4995576773537553       -8.850703493869782E-15   0.9116846040540613       -0.017764916421607362    9.647455098702876E-9     -1.3848885637560935
-0.20999999999999996      0                        1.4995576773537556       -8.485340347762715E-15   0.9115069763036844       -0.017760641318825956    1.792127549707009E-8     -1.3846179255965236
-0.19999999999999996      0                        1.4995576773537551       -8.018510074324911E-15   0.9113293915947762       -0.01775631634164689     -2.9613050867268433E-8   -1.3843473021057204
-0.18999999999999995      0                        1.4995576773537553       -7.716110838329116E-15   0.9111518501091442       -0.017751992815023553    -1.124585166129293E-9    -1.384076744881269
-0.17999999999999994      0                        1.4995576773537556       -7.305094321684862E-15   0.9109743518024265       -0.017747668528565585    9.931313583544048E-9     -1.3838062516462553
-0.16999999999999993      0                        1.4995576773537556       -6.990167323755929E-15   0.910796896738924        -0.017743340745220645    2.5667516322107474E-9    -1.3835358197600496
-0.15999999999999992      0                        1.4995576773537558       -6.579155704912671E-15   0.9106194850741253       -0.01773898804943528     -2.9983641798080573E-9   -1.3832654280402636
-0.1499999999999999       0                        1.4995576773537556       -6.220951578070148E-15   0.9104421169041398       -0.017734644479001027    2.5193228598530074E-9    -1.3829951106688092
-0.1399999999999999       0                        1.4995576773537558       -5.884567930135592E-15   0.9102647921682475       -0.017730301839378196    9.714481166876277E-9     -1.3827248593600947
-0.1299999999999999       0                        1.4995576773537553       -5.562389685725603E-15   0.9100875110549791       -0.017725924122366767    -4.2140554589146926E-9   -1.3824546383886314
-0.11999999999999988      0                        1.4995576773537553       -5.21672158944092E-15    0.9099102736948587       -0.01772155417334738     -1.5664984768312847E-9   -1.3821844907955294
-0.10999999999999988      0                        1.4995576773537558       -4.984643457926548E-15   0.9097330800560572       -0.017717172088752585    3.4636214514933995E-9    -1.3819143966294922
-0.09999999999999987      0                        1.4995576773537558       -4.684113296783293E-15   0.9095559302693143       -0.0177127789749987      -7.237037399428534E-10   -1.3816443571929862
-0.08999999999999986      0                        1.4995576773537553       -4.412363675387241E-15   0.9093788244315731       -0.017708385397228663    -5.3572364450877306E-9   -1.3813743831965268
-0.08000000000000007      0                        1.4995576773537556       -4.17089148638057E-15    0.9092017626329422       -0.017703976599034374    6.041852294902252E-10    -1.3811044600188296
-0.07000000000000006      0                        1.4995576773537562       -3.877628660781694E-15   0.9090247449367441       -0.01769956026394665     8.171034251796617E-10    -1.3808345954383814
-0.06000000000000005      0                        1.4995576773537556       -3.702321203694416E-15   0.9088477714349811       -0.017695134989118493    -6.088314964080128E-10   -1.3805647881902956
-0.050000000000000044     0                        1.4995576773537558       -3.554168775666676E-15   0.9086708422306482       -0.017690703146781495    -1.9741023361713272E-9   -1.3802950408012533
-0.040000000000000036     0                        1.4995576773537558       -3.1980342767696178E-15  0.908493957410348        -0.017686263519443617    -4.064260373183435E-9    -1.380025352183627
-0.030000000000000027     0                        1.4995576773537556       -2.866886250051181E-15   0.9083171170547509       -0.01768180821720998     -1.5241921916351383E-10  -1.3797557145684916
-0.020000000000000018     0                        1.4995576773537553       -2.6436979188027773E-15  0.9081403212598893       -0.017677346903005608    -2.4659223008908563E-11  -1.3794861377627785
-0.010000000000000009     0                        1.4995576773537558       -2.450160971344811E-15   0.9079635701253008       -0.017672877100415717    8.65298893724888E-12     -1.3792166194393358
0                         0                        1.4995576773537553       -2.2653378086241566E-15  0.9077868637375167       -0.017668398187571894    -2.0955670077845445E-9   -1.3789471591060525
0.010000000000000231      0                        1.499557677353756        -1.953463375113701E-15   0.9076102021924496       -0.01766390772307306     -1.5155190117366248E-11  -1.3786777544653557
0.020000000000000018      0                        1.4995576773537556       -1.6811203907493448E-15  0.9074335855907707       -0.01765940951331435     -3.506939830613213E-11   -1.3784084094746007
0.03000000000000025       0                        1.4995576773537556       -1.5367124380516522E-15  0.9072570140217648       -0.017654900268384455    1.2890838047620094E-10   -1.3781391209777656
0.040000000000000036      0                        1.4995576773537558       -1.3279906351087017E-15  0.9070804875879256       -0.017650383707376243    2.1611128029712744E-9    -1.3778698928476383
0.04999999999999982       0                        1.4995576773537556       -1.112390535679049E-15   0.9069040063915556       -0.01764585568972335     -3.209531281317814E-9    -1.37760072109706
0.06000000000000005       0                        1.4995576773537558       -1.0074808328290013E-15  0.9067275705266651       -0.017641316178019565    6.838386564662925E-10    -1.3773316058295992
0.06999999999999984       0                        1.4995576773537562       -8.341674041442628E-16   0.9065511801008104       -0.01763676631671795     9.566303765908997E-10    -1.3770625483509957
0.08000000000000007       0                        1.499557677353756        -6.826290523581333E-16   0.9063748352058659       -0.017632207273542498    -8.109692109265135E-10   -1.376793549966744
0.08999999999999986       0                        1.4995576773537556       -5.047082904125142E-16   0.9061985359464757       -0.017627644851755137    1.555223069240518E-8     -1.376524616637026
0.10000000000000009       0                        1.4995576773537558       -4.358015306427193E-16   0.906022282443328        -0.017623055777781928    2.4511950308113165E-9    -1.3762557252692473
0.10999999999999988       0                        1.4995576773537556       -3.326219933567171E-16   0.9058460747743431       -0.017618468361120333    -5.972394051071318E-9    -1.3759869042897506
0.1200000000000001        0                        1.4995576773537558       -2.145171749330617E-16   0.9056699131126489       -0.017613864447746392    4.3203377494043374E-9    -1.375718135804128
0.1299999999999999        0                        1.4995576773537558       -1.4424184361689443E-16  0.9054937974664357       -0.01760926440313414     1.984342621592093E-8     -1.3754494401901345
0.14000000000000012       0                        1.4995576773537553       -4.3966263685527024E-17  0.9053177279685107       -0.017604629278429918    3.4590071018860263E-9    -1.3751807786980688
0.1499999999999999        0                        1.4995576773537558       7.276896034560837E-17    0.9051417048643547       -0.017600000673933563    -1.7986044811257422E-9   -1.3749121932963442
0.16000000000000014       0                        1.4995576773537556       1.4495026971583208E-16   0.9049657280670018       -0.017595353341600947    -8.243416889498363E-9    -1.3746436586065045
0.16999999999999993       0                        1.4995576773537556       2.568674855530715E-16    0.9047897978387666       -0.01759069211762757     3.4687005875057363E-9    -1.3743751798581025
0.18000000000000016       0                        1.4995576773537558       3.928066591378097E-16    0.9046139142397844       -0.017586027678784276    1.975957466045797E-10    -1.374106767818085
0.18999999999999995       0                        1.4995576773537558       4.815403275589859E-16    0.9044380772512557       -0.01758135480881998     3.150289230797134E-8     -1.3738384172420097
0.20000000000000018       0                        1.4995576773537558       5.601520698939982E-16    0.9042622872404114       -0.017576647360043312    1.029285935289968E-8     -1.3735701025328695
0.20999999999999996       0                        1.499557677353756        6.286638986866529E-16    0.9040865441028946       -0.0175719608351099      -9.523523723897041E-9    -1.3733018790368305
0.2200000000000002        0                        1.499557677353756        7.38196971213995E-16     0.903910848172736        -0.01756722519660224     -2.5305665097356887E-9   -1.3730336772173737
0.22999999999999998       0                        1.4995576773537558       7.911912445270245E-16    0.9037351994916484       -0.01756251113351867     -6.917825034130629E-9    -1.372765567826048
0.2400000000000002        0                        1.4995576773537558       8.707168822049765E-16    0.9035595980435714       -0.01755777671905915     -2.6271636835001087E-8   -1.3724975089119702
0.25                      0                        1.4995576773537558       9.437550812105977E-16    0.9033840440878236       -0.017553017813142436    6.8386572363623725E-9    -1.3722294967239221
0.26000000000000023       0                        1.4995576773537558       1.0361161023326231E-15   0.903208537757466        -0.017548248258362625    1.2325223204304571E-9    -1.3719615453040304
0.27                      0                        1.4995576773537558       1.1914076197736541E-15   0.9030330789882864       -0.01754352244257626     -3.702908528569993E-8    -1.3716937089438617
0.28000000000000025       0                        1.4995576773537558       1.322356227590687E-15    0.9028576681732912       -0.017538677972482788    -2.6706352929480836E-8   -1.3714258258394514
0.29000000000000004       0                        1.499557677353756        1.3906658794544616E-15   0.902682305254264        -0.017533881364834376    3.499034531879703E-8     -1.3711580624202526
0.30000000000000027       0                        1.4995576773537558       1.5572156647163517E-15   0.9025069904334768       -0.017529086271856033    -1.3416395028758538E-8   -1.3708903726418087
0.31000000000000005       0                        1.499557677353756        1.7703116690474722E-15   0.9023317238597742       -0.01752422846870696     -5.1983543480035335E-9   -1.3706226925024807
0.31999999999999984       0                        1.4995576773537558       1.8926970933218936E-15   0.9021565057924401       -0.017519398000293524    1.8028803489978103E-9    -1.370355112435985
0.33000000000000007       0                        1.4995576773537558       2.0769878500479346E-15   0.9019813361009896       -0.017514540289811635    -1.7682515516239855E-8   -1.370087577669849
0.33999999999999986       0                        1.4995576773537558       2.396054391142591E-15    0.9018062148701396       -0.017509683879728653    -1.958453465269837E-9    -1.369820116873577
0.3500000000000001        0                        1.4995576773537562       2.5176764184290495E-15   0.9016311426105347       -0.017504780066787122    1.5637907489530994E-9    -1.3695526821096538
0.3599999999999999        0                        1.4995576773537558       2.6953462075027837E-15   0.9014561192273393       -0.01749990775144456     7.046706244522027E-8     -1.3692853521363237
0.3700000000000001        0                        1.4995576773537556       2.8538817167293447E-15   0.9012811446789785       -0.017494995834304278    6.2290631662644654E-9    -1.3690180557918472
0.3799999999999999        0                        1.4995576773537556       2.984580945325599E-15    0.9011062194968255       -0.017490040596319232    1.7597007312169016E-9    -1.3687507901540021
0.3900000000000001        0                        1.4995576773537553       3.148353871253591E-15    0.9009313437476566       -0.017485116465969935    -2.0398243004522683E-9   -1.3684836297514036
0.3999999999999999        0                        1.4995576773537556       3.2816015340930873E-15   0.9007565173519736       -0.017480194151766586    -6.206457265974965E-8    -1.36821654517335
0.41000000000000014       0                        1.4995576773537551       3.3925296426644834E-15   0.9005817403903732       -0.01747519147542465     -1.009275180790291E-9    -1.3679494543624153
0.41999999999999993       0                        1.4995576773537556       3.6220702925906966E-15   0.9004070134587978       -0.017470194839640463    -1.4423887590430764E-9   -1.3676824446149471
0.43000000000000016       0                        1.4995576773537556       3.767177728173649E-15    0.9002323364593137       -0.017465222985413805    8.47403522356345E-8      -1.3674155345250867
0.43999999999999995       0                        1.4995576773537556       3.950751957015717E-15    0.9000577091251551       -0.01746021693279919     3.843668591962023E-8     -1.3671486647128588
0.4500000000000002        0                        1.4995576773537556       4.086532129348134E-15    0.8998831322760313       -0.017455152892021826    1.3102057709722675E-8    -1.3668818126176898
0.45999999999999996       0                        1.4995576773537553       4.177974744889194E-15    0.8997086059528973       -0.017450124068616395    -3.705361749131641E-9    -1.3666150715065282
0.4700000000000002        0                        1.4995576773537556       4.33561088894424E-15     0.8995341299844382       -0.017445073115287004    -3.003523682124696E-8    -1.3663483837751824
0.48                      0                        1.4995576773537551       4.508897679393895E-15    0.899359704700101        -0.017439987829549832    4.016007410429023E-9     -1.3660817377151924
0.4900000000000002        0                        1.4995576773537551       4.719325859858399E-15    0.8991853302588027       -0.017434901892308022    2.8905235257896577E-8    -1.3658151672457675
0.5                       0                        1.4995576773537556       4.945622820969979E-15    0.8990110068015439       -0.01742978731601407     -4.73543831149197E-9     -1.3655486445907985
0.5100000000000002        0                        1.4995576773537553       5.1626279437459096E-15   0.8988367345354353       -0.01742466051610414     -4.291871772386962E-8    -1.3652821864762956
0.52                      0                        1.4995576773537551       5.372280331954322E-15    0.8986625135584009       -0.01741954652805967     -7.51494957319043E-9     -1.3650158180845828
0.5300000000000002        0                        1.4995576773537551       5.5844860198146825E-15   0.89848834411948         -0.017414359925422104    -5.568790391760012E-9    -1.364749454362651
0.54                      0                        1.4995576773537553       5.763765798224437E-15    0.8983142262481626       -0.017409194181291703    1.547700104085166E-8     -1.3644831888278224
0.5500000000000003        0                        1.499557677353755        5.9422413545124215E-15   0.8981401603354543       -0.01740399458485586     1.0412791171898755E-8    -1.3642169673556188
0.56                      0                        1.499557677353755        6.1125235730117474E-15   0.8979661462840531       -0.01739880134880158     -7.023863886693404E-9    -1.3639508300128185
0.5699999999999998        0                        1.4995576773537542       6.32357916309846E-15     0.8977921845343395       -0.0173935602555766      3.980773467153011E-9     -1.3636847232422438
0.5800000000000001        0                        1.499557677353755        6.414060549512402E-15    0.8976182751112578       -0.017388324360837048    8.009440337738036E-9     -1.3634187001369587
0.5899999999999999        0                        1.4995576773537547       6.6419968161042846E-15   0.8974444180663675       -0.01738305997255675     1.4520198328162268E-8    -1.363152727082251
0.6000000000000001        0                        1.4995576773537544       6.8624202460729904E-15   0.8972706139130373       -0.017377770693453004    1.0643124736500582E-8    -1.3628868084506647
0.6099999999999999        0                        1.499557677353754        7.070157122428636E-15    0.8970968624383215       -0.0173724727661909      9.424602105113953E-8     -1.3626209601655404
0.6200000000000001        0                        1.4995576773537536       7.18406971391633E-15     0.896923164069758        -0.017367176872589082    -2.289730142099655E-8    -1.362355193549815
0.6299999999999999        0                        1.4995576773537533       7.381047167797895E-15    0.8967495191123582       -0.017361814607365765    -3.472276778169612E-9    -1.3620894406555888
0.6400000000000001        0                        1.4995576773537533       7.604264449613912E-15    0.8965759275516388       -0.017356483911173403    1.8159790356655588E-8    -1.361823799401796
0.6499999999999999        0                        1.4995576773537531       7.784815436010325E-15    0.8964023894792335       -0.017351112652744454    7.054840831319292E-9     -1.361558197794578
0.6600000000000001        0                        1.499557677353753        8.02591849778728E-15     0.8962289053268558       -0.01734571238460579     -3.050785741643235E-9    -1.361292648033842
0.6699999999999999        0                        1.4995576773537524       8.258730482263727E-15    0.8960554752660274       -0.017340299781080475    1.0378930190809692E-8    -1.3610271670511174
0.6800000000000002        0                        1.4995576773537522       8.501092405873709E-15    0.8958820990047649       -0.01733486379651794     4.172482155624908E-8     -1.3607617433629073
0.69                      0                        1.4995576773537516       8.673288670873528E-15    0.8957087774508407       -0.017329431855781525    -2.8039038405456764E-8   -1.3604964057553324
0.7000000000000002        0                        1.499557677353751        8.866408047551383E-15    0.8955355105460373       -0.017323971632646838    -1.3350057231764677E-9   -1.360231121814868
0.71                      0                        1.4995576773537513       9.055958391434881E-15    0.8953622983255314       -0.01731850123493016     7.159804909903961E-8     -1.3599659097020806
0.7200000000000002        0                        1.4995576773537502       9.267084473936484E-15    0.8951891410626558       -0.017312951340172165    6.897196142128409E-9     -1.359700700504387
0.73                      0                        1.4995576773537498       9.511998068551447E-15    0.8950160390418801       -0.01730744047516055     -2.342622581388595E-8    -1.3594356131751553
0.7400000000000002        0                        1.4995576773537493       9.69232210694655E-15     0.8948429924533053       -0.017301877239804232    -1.7677593571274546E-9   -1.3591705565993613
0.75                      0                        1.4995576773537487       9.825943612194242E-15    0.8946700013720934       -0.01729633503662909     3.0701536094164705E-10   -1.3589056042922405
0.7600000000000002        0                        1.4995576773537478       1.0065498525071305E-14   0.8944970662090183       -0.017290706836790404    -1.7730327918191458E-9   -1.3586406498409274
0.77                      0                        1.4995576773537473       1.02639206531044E-14     0.8943241871946432       -0.017285096038224645    3.517874153730426E-9     -1.358375796989102
0.7800000000000002        0                        1.4995576773537465       1.0407687676978167E-14   0.8941513641670181       -0.017279471612825746    7.858208763109101E-8     -1.3581110144658033
0.79                      0                        1.4995576773537456       1.054624205036186E-14    0.8939785977901404       -0.017273803762715145    4.9756212443134895E-8    -1.3578462734688563
0.8000000000000003        0                        1.4995576773537445       1.0696165295091271E-14   0.8938058879661566       -0.017268154400778182    -1.0565455723678141E-8   -1.357581635764409
0.81                      0                        1.4995576773537433       1.0810326199178693E-14   0.8936332351529643       -0.01726240823767422     2.207034079115152E-9     -1.357316986749765
0.8199999999999998        0                        1.4995576773537422       1.090805698383989E-14    0.8934606395892407       -0.017256697043759626    5.378584201606565E-9     -1.3570524585531902
0.8300000000000001        0                        1.4995576773537413       1.1033361113880095E-14   0.8932881013140823       -0.017250957987929978    2.637630141074884E-10    -1.356787988402209
0.8399999999999999        0                        1.49955767735374         1.1109269364663476E-14   0.893115620395984        -0.017245200826449314    1.1143758458293048E-8    -1.3565235861557956
0.8500000000000001        0                        1.4995576773537385       1.1210158380317575E-14   0.8929431975203301       -0.01723937430430489     3.1809564637748152E-9    -1.3562592015867116
0.8599999999999999        0                        1.4995576773537367       1.1326824691217435E-14   0.8927708328049395       -0.017233569152519838    -3.8158490717779225E-10  -1.3559949256026562
0.8700000000000001        0                        1.4995576773537354       1.1358112978147604E-14   0.8925985263205315       -0.017227727729140295    7.880730275178863E-10    -1.3557307006677235
0.8799999999999999        0                        1.4995576773537331       1.1377199377808955E-14   0.8924262781231257       -0.017221889907340797    6.931919747196335E-9     -1.355466566739092
0.8900000000000001        0                        1.4995576773537316       1.1388878028386645E-14   0.8922540888701469       -0.01721596068841073     -9.078327472281321E-10   -1.3552024298038983
0.8999999999999999        0                        1.4995576773537294       1.1405017820177063E-14   0.8920819587717224       -0.01721005582588949     -3.900500990024788E-9    -1.3549384059307787
0.9100000000000001        0                        1.4995576773537274       1.1352476984366319E-14   0.891909887902626        -0.017204117993384012    1.336056689766595E-9     -1.3546744379054692
0.9199999999999999        0                        1.4995576773537251       1.1179822794215975E-14   0.8917378762880995       -0.01719818867508713     -5.142055535089535E-8    -1.354410567250013
0.9300000000000002        0                        1.4995576773537223       1.1010353633069626E-14   0.8915659245717603       -0.017192154592736975    -2.5732696927553906E-8   -1.3541466816512897
0.94                      0                        1.49955767735372         1.0844545014732104E-14   0.8913940331190016       -0.017186168769629525    -1.3669430288028261E-8   -1.3538829346805246
0.9500000000000002        0                        1.4995576773537174       1.0632773000081166E-14   0.8912222016709914       -0.017180108508190434    1.3813990880880949E-8    -1.3536192032520087
0.96                      0                        1.499557677353714        1.0376756481522356E-14   0.8910504309364774       -0.017174038394585128    2.1541574158191575E-9    -1.3533555530147152
0.9700000000000002        0                        1.4995576773537111       1.0133543571519912E-14   0.8908787208096317       -0.017167962693326846    1.82375932529901E-8      -1.3530919880744634
0.98                      0                        1.4995576773537072       9.804151858244468E-15    0.8907070719504714       -0.017161809138706654    4.2315324857286605E-9    -1.3528284371552768
0.9900000000000002        0                        1.4995576773537045       9.36614332933728E-15     0.8905354844486582       -0.017155675495244563    -7.399947803448615E-10   -1.3525649981561305
1                         0                        1.4995576773537          8.865671882133336E-15    0.8903639585206828       -0.017149510099809664    3.001273426297363E-9     -1.352301619738531
1.0100000000000002        0                        1.4995576773536963       8.33788678600646E-15     0.8901924941801684       -0.017143328398799874    1.695165055452428E-9     -1.352038317369307
1.02                      0                        1.4995576773536918       7.743372588202631E-15    0.8900210922343141       -0.017137060772039487    -1.981094604220145E-10   -1.3517750226387235
1.0300000000000002        0                        1.4995576773536872       7.0427710203901245E-15   0.8898497528969327       -0.017130816064693966    -1.7754195984754138E-9   -1.3515118447125707
1.04                      0                        1.4995576773536825       6.269477275184508E-15    0.8896784761875577       -0.01712452581030801     6.389085697638213E-11    -1.3512487151536856
1.0500000000000003        0                        1.4995576773536776       5.49600907518183E-15     0.8895072623661879       -0.01711826968096369     -1.0420672483495847E-8   -1.350985714024033
1.06                      0                        1.4995576773536716       4.618631439008785E-15    0.8893361116585412       -0.017111871848318052    -5.853128284902988E-9    -1.3507226658337457
1.0700000000000003        0                        1.499557677353666        3.577962787122802E-15    0.8891650249292213       -0.01710547401567621     -1.285550027613655E-9    -1.350459713582654
1.08                      0                        1.4995576773536599       2.4468441776087233E-15   0.8889940020013257       -0.01709908824454588     4.033216039039325E-9     -1.3501968690669888
1.0899999999999999        0                        1.4995576773536539       1.2003555933551399E-15   0.8888230432318049       -0.017092665659635915    1.1869679461440235E-8    -1.3499340839467278
1.1                       0                        1.4995576773536476       -1.554926302706454E-16   0.8886521486619794       -0.01708622759679071     -3.7818474583910494E-8   -1.3496713796196769
1.1099999999999999        0                        1.4995576773536403       -1.6360807679272234E-15  0.888481319062867        -0.01707969222561979     -1.1987333545888381E-8   -1.3494086754116312
1.12                      0                        1.499557677353633        -3.227896970207672E-15   0.8883105547381329       -0.017073176467270704    8.164386364896311E-9     -1.3491460886991025
1.13                      0                        1.4995576773536257       -4.939063732741874E-15   0.8881398557582827       -0.01706661950281464     2.2674220910778006E-8    -1.3488835587688892
1.1400000000000001        0                        1.499557677353618        -6.7819842138526734E-15  0.8879692221841695       -0.017060031981745855    2.3953175656553937E-8    -1.3486210963617378
1.15                      0                        1.49955767735361         -8.79559137056816E-15    0.8877986549999557       -0.0170534332749295      -6.827453019384244E-8    -1.3483587223243219
1.1600000000000001        0                        1.499557677353601        -1.0921903302530718E-14  0.8876281540178155       -0.01704676315311643     -1.2637541578844024E-8   -1.348096376145736
1.17                      0                        1.4995576773535921       -1.3193981853099784E-14  0.8874577196741733       -0.017040093706736675    2.8678129781690776E-8    -1.3478341305708554
1.1800000000000002        0                        1.4995576773535828       -1.5676875049665133E-14  0.8872873524308038       -0.01703335496715868     -2.103231231706624E-9    -1.3475719163235047
1.19                      0                        1.4995576773535737       -1.8353929468821798E-14  0.8871170525271863       -0.01702661070698539     1.6981256046618793E-9    -1.3473097975354011
1.2000000000000002        0                        1.4995576773535637       -2.1268889624230956E-14  0.8869468202261696       -0.017019855274799565    3.042466813675591E-8     -1.3470477689492832
1.21                      0                        1.4995576773535542       -2.4330229004296656E-14  0.8867766558490792       -0.017013008931290242    -4.520486071973015E-9    -1.3467857513076875
1.2200000000000002        0                        1.4995576773535442       -2.7607938619257626E-14  0.8866065600355488       -0.01700615377478794     -7.562582276983473E-10   -1.346523827668111
1.23                      0                        1.4995576773535335       -3.1150265490310994E-14  0.886436532680398        -0.01699928626426149     4.939919266968852E-8     -1.3462619943317986
1.2400000000000002        0                        1.499557677353523        -3.485988768856787E-14   0.8862665744738405       -0.016992357375004506    -5.272711731371926E-8    -1.3460002033090601
1.25                      0                        1.4995576773535124       -3.8885091970213305E-14  0.8860966856954778       -0.016985398297533535    -1.724225025623728E-8    -1.3457384862096895
1.2600000000000002        0                        1.4995576773535015       -4.3142263943910017E-14  0.8859268664641855       -0.01697841194715653     1.6353887951295758E-9    -1.3454768461272564
1.27                      0                        1.4995576773534904       -4.7635131449107625E-14  0.8857571175765955       -0.016971365570848652    -2.1278252452991522E-9   -1.3452152515033307
1.2800000000000002        0                        1.4995576773534802       -5.2403838295505E-14     0.8855874390911848       -0.01696431665159984     1.1813976841951044E-8    -1.3449537599085934
1.29                      0                        1.4995576773534696       -5.748302038456316E-14   0.8854178313246357       -0.01695722212619454     1.7736624300022396E-8    -1.3446923287547112
1.3000000000000003        0                        1.4995576773534591       -6.279997166796802E-14   0.885248294838821        -0.01695006718552911     -9.44026210244281E-9     -1.3444309440751416
1.31                      0                        1.4995576773534494       -6.848387247220624E-14   0.8850788300341337       -0.016942893751909185    2.0935044391406964E-9    -1.3441696483926031
1.3200000000000003        0                        1.4995576773534403       -7.449347690005176E-14   0.884909436870652        -0.016935703219382623    3.992161727435934E-9     -1.3439084430412784
1.33                      0                        1.4995576773534316       -8.081857343715188E-14   0.8847401162771142       -0.016928415488172824    7.170147909849087E-9     -1.3436472493140872
1.3399999999999999        0                        1.4995576773534236       -8.760285383399363E-14   0.8845708685411351       -0.0169212014721277      6.672497931105501E-8     -1.3433862385561728
1.35                      0                        1.499557677353417        -9.466548996633493E-14   0.8844016934599496       -0.0169138007107132      1.7885735540561333E-8    -1.3431251500029437
1.3599999999999999        0                        1.4995576773534116       -1.0217144723767617E-13  0.8842325923337553       -0.016906455220447855    -9.019329575999751E-8    -1.34286422762064
1.37                      0                        1.4995576773534076       -1.10182927895772E-13    0.8840635648471936       -0.016899054240088474    -2.3898783800793552E-8   -1.3426033601751197
1.38                      0                        1.499557677353405        -1.1850727943097527E-13  0.8838946116274999       -0.016891579273772276    1.33314438159513E-8      -1.342342530111096
1.3900000000000001        0                        1.4995576773534047       -1.2734761343799883E-13  0.8837257333716109       -0.016884071904013708    3.000570835477182E-9     -1.3420817800561808
1.4                       0                        1.4995576773534067       -1.3653103975009764E-13  0.8835569301438384       -0.016876549946723475    5.33274184020835E-9      -1.341821127922724
1.4100000000000001        0                        1.4995576773534116       -1.4639127289636908E-13  0.8833882024491645       -0.016868988988012926    1.3765329164431403E-8    -1.3415605500540875
1.42                      0                        1.4995576773534192       -1.5659229042990942E-13  0.8832195503256552       -0.016861385613932182    3.0042674928883556E-8    -1.341300043093403
1.4300000000000002        0                        1.4995576773534307       -1.6729921276917123E-13  0.8830509749568971       -0.01685368813769479     5.078881414753108E-9     -1.341039557128742
1.44                      0                        1.4995576773534465       -1.7879150064165835E-13  0.8828824764615616       -0.01684599834139113     -1.2292530349242653E-8   -1.3407791941201492
1.4500000000000002        0                        1.4995576773534667       -1.9053628356516422E-13  0.8827140550896139       -0.01683828640982466     -5.581209000928402E-8    -1.340518924627266
1.46                      0                        1.4995576773534924       -2.0298268543313838E-13  0.882545711287973        -0.016830464244412285    -7.882835438398015E-10   -1.3402586612216911
1.4700000000000002        0                        1.4995576773535237       -2.1618358701956525E-13  0.8823774456653682       -0.016822634065832464    2.2504114657777948E-8    -1.3399985070369271
1.48                      0                        1.4995576773535624       -2.2996260272341956E-13  0.8822092586798976       -0.01681475471199008     -1.0359648573371369E-8   -1.3397384215978254
1.4900000000000002        0                        1.4995576773536077       -2.4426546705522323E-13  0.8820411506516999       -0.016806845326612682    -2.2283276744242995E-8   -1.3394784245281792
1.5                       0                        1.4995576773536619       -2.595074992745334E-13   0.8818731220093226       -0.016798890091571622    4.69643184392863E-8      -1.339218500652494
1.5100000000000002        0                        1.4995576773537254       -2.7531025977277493E-13  0.8817051733300136       -0.01679084577019529     2.076983738437777E-9     -1.3389586075997144
1.52                      0                        1.499557677353799        -2.917826525979761E-13   0.8815373051186307       -0.016782780267233934    -4.958316014140444E-9    -1.3386988140316551
1.5300000000000002        0                        1.4995576773538848       -3.0910156555679835E-13  0.8813695177726284       -0.016774688933243357    3.382500244836159E-9     -1.3384391158948796
1.54                      0                        1.4995576773539834       -3.273349730127273E-13   0.8812018114788869       -0.016766542230535152    -6.186810410509395E-8    -1.3381794839319374
1.5500000000000003        0                        1.4995576773540964       -3.461889466951733E-13   0.8810341872179397       -0.016758309958902488    -2.4745211432790113E-8   -1.3379198894129904
1.56                      0                        1.4995576773542256       -3.6573877782678156E-13  0.8808666451828009       -0.01675008412414881     1.6803523224341172E-8    -1.3376604246332784
1.5700000000000003        0                        1.499557677354372        -3.8682170022742714E-13  0.8806991859872697       -0.016741749176490617    3.1434217056671968E-9    -1.3374009749634468
1.58                      0                        1.499557677354538        -4.0765853400370497E-13  0.8805318101480929       -0.01673342862463895     -1.8493464437072463E-8   -1.3371416646871002
1.5899999999999999        0                        1.4995576773547252       -4.3088911324524463E-13  0.8803645179274612       -0.016725006277121805    9.305398578360109E-9     -1.3368823780059378
1.6                       0                        1.4995576773549368       -4.5387374359323236E-13  0.8801973099702688       -0.016716577369721267    1.753217483807204E-8     -1.336623211122801
1.6099999999999999        0                        1.4995576773551744       -4.778125828461874E-13   0.8800301868880984       -0.01670803374109672     8.608420160616613E-9     -1.3363640567934536
1.62                      0                        1.4995576773554398       -5.039563635652345E-13   0.8798631491810502       -0.01669955696030609     5.171000234375261E-8     -1.3361050973368847
1.63                      0                        1.4995576773557366       -5.297323797527142E-13   0.8796961970476869       -0.01669087996640664     1.6779580527045026E-8    -1.3358460659899105
1.6400000000000001        0                        1.4995576773560693       -5.578939100367329E-13   0.8795293313670547       -0.016682230028176835    -4.1261119875697644E-8   -1.3355871913394939
1.65                      0                        1.499557677356438        -5.865829401731118E-13   0.8793625525989472       -0.016673505929839256    6.978106108599291E-10    -1.3353283728593452
1.6600000000000001        0                        1.499557677356849        -6.159673834876331E-13   0.8791958614020773       -0.016664733444091858    1.3531483811638253E-8    -1.335069637309945
1.67                      0                        1.499557677357304        -6.4690562296592E-13     0.8790292578669087       -0.016655926560704595    4.6975409047499275E-8    -1.334810998816721
1.6800000000000002        0                        1.4995576773578096       -6.78382343984056E-13    0.8788627428894257       -0.016647043245837784    -3.061620372260147E-8    -1.334552416689419
1.69                      0                        1.4995576773583672       -7.131483236961884E-13   0.8786963170880813       -0.016638111502687885    4.85619104878834E-9      -1.3342939198586423
1.7000000000000002        0                        1.4995576773589847       -7.459948605567015E-13   0.8785299810078236       -0.0166291045487999      5.795561028049676E-9     -1.3340354823591247
1.71                      0                        1.4995576773596664       -7.823371484572217E-13   0.8783637348940974       -0.016620076838463286    -8.759988164252425E-8    -1.3337771590132177
1.7200000000000002        0                        1.4995576773604187       -8.200482207067111E-13   0.8781975793843836       -0.01661096453014505     -1.5017494166682105E-8   -1.3335188869353332
1.73                      0                        1.4995576773612451       -8.573824689913257E-13   0.8780315156099958       -0.01660179034739449     -1.0664517663312249E-8   -1.3332606905454936
1.7400000000000002        0                        1.4995576773621515       -8.982722130156371E-13   0.877865543413922        -0.01659259234631447     2.193445397042724E-9     -1.3330026076643582
1.75                      0                        1.4995576773631503       -9.393856529272143E-13   0.8776996638652277       -0.0165833227673258      5.4533315551399146E-8    -1.3327445921354844
1.7600000000000002        0                        1.4995576773642443       -9.796012567111068E-13   0.8775338773520199       -0.016573969697637705    -1.2642282476761258E-9   -1.3324866326280722
1.77                      0                        1.4995576773654429       -1.025008798474113E-12   0.8773681845557699       -0.016564577446536714    -1.3509592565901523E-8   -1.332228774473322
1.7800000000000002        0                        1.4995576773667534       -1.0696949052681403E-12  0.8772025860583542       -0.016555097808137898    9.138446193148425E-9     -1.3319709703379132
1.79                      0                        1.4995576773681918       -1.116048467464429E-12   0.8770370826407423       -0.01654558995795942     5.640463830006679E-8     -1.331713280568486
1.8000000000000003        0                        1.4995576773697605       -1.1647864246918567E-12  0.8768716743007756       -0.01653605317155241     -1.9636001244773998E-8   -1.3314557044373565
1.81                      0                        1.4995576773714754       -1.2137941536988999E-12  0.8767063622968807       -0.016526347607440876    -1.0695988497793284E-8   -1.3311981039901466
1.8200000000000003        0                        1.4995576773733381       -1.2653008028333896E-12  0.8765411473468291       -0.01651666047370911     -6.104742450260791E-10   -1.330940667511281
1.83                      0                        1.49955767737537         -1.3175197758985852E-12  0.8763760296805923       -0.016506872773679043    1.7436071356631702E-8    -1.3306832763489562
1.8399999999999999        0                        1.499557677377582        -1.3698763150465895E-12  0.8762110099252325       -0.016497040802814396    -3.4243513624044775E-9   -1.3304259877389615
1.85                      0                        1.4995576773799917       -1.4265311885582375E-12  0.8760460890876848       -0.016487142524059657    -7.00445043766789E-8     -1.3301687811542136
1.8599999999999999        0                        1.4995576773826114       -1.4815100869234921E-12  0.8758812673931433       -0.01647719736053764     1.0822156563772114E-8    -1.3299116763555374
1.87                      0                        1.4995576773854495       -1.5456258679412922E-12  0.8757165458727006       -0.016467106728004503    1.874377632173186E-9     -1.32965457630488
1.88                      0                        1.499557677388524        -1.6008169114758865E-12  0.87555192518924         -0.016457013456041367    2.9727771957513573E-9    -1.3293976248258688
1.8900000000000001        0                        1.4995576773918688       -1.6619296279844848E-12  0.8753874059574429       -0.016446832903366945    2.7552742604257485E-8    -1.329140738199003
1.9                       0                        1.499557677395494        -1.7246347534904372E-12  0.8752229884575847       -0.016436638340548433    5.986451900828462E-9     -1.3288839901151475
1.9100000000000001        0                        1.4995576773994086       -1.7872697009829803E-12  0.8750586738366283       -0.0164262746917175      -2.0235491160275515E-9   -1.3286272272183783
1.92                      0                        1.499557677403646        -1.85306752963613E-12    0.8748944629740817       -0.01641589781758686     6.677512483463825E-9     -1.328370606688311
1.9300000000000002        0                        1.4995576774082229       -1.9171458866834724E-12  0.8747303559416273       -0.016405439236175507    5.821864149396834E-9     -1.3281140601504702
1.94                      0                        1.4995576774131631       -1.9951098589906304E-12  0.8745663539688793       -0.016394954918911925    -7.550574569508105E-8    -1.327857645420183
1.9500000000000002        0                        1.4995576774184916       -2.0571908957775113E-12  0.8744024576473198       -0.016384306348322417    -3.412049508517261E-8    -1.3276012248669582
1.96                      0                        1.4995576774242503       -2.1211609025503666E-12  0.8742386676764953       -0.016373669149331103    4.877523172073818E-8     -1.3273449751647672
1.9700000000000002        0                        1.4995576774304469       -2.1995740637958313E-12  0.8740749845546107       -0.016362906559589576    2.959581122796177E-8     -1.3270887602983554
1.98                      0                        1.4995576774371187       -2.26390529610022E-12    0.8739114095738472       -0.016352089593116986    5.864409426921531E-9     -1.3268326532194739
1.9900000000000002        0                        1.4995576774442934       -2.3553218027402886E-12  0.8737479430130781       -0.016341199722092248    -4.82630813751215E-8     -1.3265766358185123
2                         0                        1.4995576774520054       -2.4215901067947908E-12  0.8735845858259911       -0.016330247586202117    -4.1266067238542526E-9   -1.3263207201652973
